0.0 1.2541143384569737 1.4403949989657934 -0.32733884226103177 -0.00892115540756 -0.0256530894167 0.0351098181677 0.999014330557
20.0 1.2126524778141003 1.446927743707487 -0.32554139594476383 -0.00372352125363 -0.0288724116384 -0.00272714995796 0.999572449545
40.0 1.241085586795111 1.4668898302068463 -0.34200172447226695 -0.00800524533292 -0.0247901141673 0.0218995738154 0.999420719694
60.0 1.2314475985970663 1.3891399092485668 -0.29497921395863813 -0.00724254607704 -0.0337310380227 -0.00238052549972 0.999401868969
80.0 1.2010852512613992 1.4144841449626695 -0.30504416307496 -0.00838503838843 -0.0386835272729 -0.0138965134453 0.999119693912
100.0 2.2222276513491526 2.2815836452127813 -0.6991422997784047 -0.0410368247599 -0.105402995161 -0.19424440624 0.974410230996
120.0 1.3094885638545108 1.3444922519147249 -0.28875151175901187 0.00840152489406 -0.00749295151741 0.0392456103885 0.999166178432
140.0 1.404374611085354 1.4506306526038562 -0.3621090710593665 0.0196697965339 0.00738968191154 0.0902635137685 0.995696233692
160.0 1.3480466461858314 1.3588376989337587 -0.30638036173366884 0.0163005577238 0.00641999415826 0.0650462140829 0.9977284528
180.0 1.455522558733326 1.5742405718968981 -0.420616005900477 0.00966701645436 -0.0120229882401 0.0909111983013 0.995739499352
200.0 1.5050093029451588 1.6883853011466914 -0.48242671462711467 -0.00267602905901 -0.0286499799684 0.0589224245742 0.997847766645
220.0 2.999842760693588 2.5963140958205226 -0.519313034810717 -0.0180430475849 -0.0767448840324 -0.130243989843 0.98834264014
240.0 1.6355190744258399 1.886083753345951 -0.5887300786900365 -0.0288302431678 -0.0676553274591 -0.0644054534219 0.995210284972
260.0 1.8828132469504328 2.0984399343447024 -0.6722985270422578 -0.0433189775782 -0.0918388078921 -0.154026832366 0.982835100339
280.0 3.2035650108780698 2.6432987787100184 -0.5111147677481979 -0.0187184882756 -0.039983026266 -0.0435420800117 0.998075680034
300.0 2.0466273814418763 2.1948900508226443 -0.6997254203651012 -0.0420179249489 -0.101123473936 -0.178394209234 0.977846635784
320.0 1.2815799864172046 1.366904583584918 -0.2941900770740681 -0.000329025589422 -0.0199376166728 0.0206475474292 0.99958794609
340.0 2.3936610513824874 2.3549368530181347 -0.6782698579138883 -0.0417889939128 -0.10057836037 -0.206924984218 0.972275539299
360.0 2.5357651060235673 2.4191715017980666 -0.6406055157615015 -0.0446990692958 -0.0957488359569 -0.214245720486 0.971047334001
380.0 2.629160971512952 2.485286054786669 -0.5922016891595807 -0.0477412881236 -0.113501446757 -0.22176180092 0.967295143503
400.0 2.7420590455362284 2.533400639426411 -0.5544024958643986 -0.0399024102039 -0.117354195354 -0.208462487209 0.970143897533
420.0 2.8685184248195914 2.5678378372561363 -0.5333182771002493 -0.0241875757239 -0.100682847463 -0.177496088916 0.97865880869
440.0 1.5638524288275095 1.7873375545493861 -0.5407319906148119 -0.0145957395031 -0.0469694534448 0.00259170686977 0.998786322437
460.0 3.120668190553496 2.62365230800282 -0.5108201277801907 -0.0173958779352 -0.0509345243326 -0.0787649823455 0.99543916701
480.0 1.743311480829162 1.9934965954573638 -0.6333839306297963 -0.0401471401125 -0.0816822460036 -0.119335041841 0.988673538443
500.0 3.2615705267144226 2.6450208183977235 -0.5183729256283479 -0.0106039183587 -0.0305846219444 -0.0225988989632 0.99922040991
520.0 3.2980734470899122 2.6277580835254235 -0.5256706987892892 0.00342160876322 -0.0247341113523 -0.0115370089994 0.999621635296
540.0 3.3096674547985065 2.5911920984398886 -0.523668903065943 0.0140579417637 -0.0223027605528 -0.00849150738988 0.999616354132
560.0 3.2969028615135088 2.551026344335202 -0.5126680016652998 0.0139660859857 -0.0343066314815 -0.0145963237647 0.999207161109
580.0 3.2693425591328547 2.4964152785604394 -0.4997487788815087 0.0109188980599 -0.0448281974819 -0.0316568829927 0.998433298791
600.0 3.23921297349667 2.431556304599321 -0.48903564904227304 0.0108137470417 -0.0446747281521 -0.0486922134863 0.997755631347
620.0 3.206561682285131 2.3628907537715045 -0.4753734499081329 0.00736259375568 -0.0484808573752 -0.0607579424765 0.996947275992
640.0 3.1726036304679197 2.2930605441632492 -0.4601165675920574 0.00127198729111 -0.0567582535744 -0.0668136741942 0.996148992691
660.0 3.1340564106840008 2.2221964705901835 -0.44966020716212257 -0.000392296286864 -0.0596856887388 -0.0695441953835 0.995791679796
680.0 3.085010686778859 2.148228099195682 -0.44626657961629024 0.00214572782163 -0.061203997736 -0.0734279431653 0.995418406338
700.0 3.0315449780100607 2.072990900089083 -0.44680980842150936 0.00836737178059 -0.0631285246046 -0.0771978047717 0.994980037694
720.0 2.970854129222673 2.0021537996814445 -0.45175210633342777 0.0123689879462 -0.0648384091341 -0.0788577919795 0.994698164009
740.0 2.9042921656435183 1.967289453270612 -0.4721491219112681 0.0162839201008 -0.0637815043813 -0.0792616223836 0.994678012656
760.0 2.836862642812187 1.9566545337737382 -0.461884540452861 0.0106679630091 -0.0602873298445 -0.0754811722899 0.995265906708
780.0 2.766629026978998 1.9514045979734904 -0.4485355468667874 -0.00211499456694 -0.0522393502488 -0.0676572819035 0.996337828896
800.0 2.689653091676707 1.9403172405595115 -0.43527762673001524 -0.00831684523919 -0.0408045385423 -0.0577343577627 0.997463063804
820.0 2.6045105205092853 1.9156216105232025 -0.41536407738857284 -0.00905483289727 -0.0383048268927 -0.0494970731148 0.997998391778
840.0 2.510693849228658 1.8768493511235718 -0.39541424544419634 -0.00658014872677 -0.0388256495215 -0.0414341534572 0.998364903985
860.0 2.414977337030348 1.8376754170766263 -0.3789142201576088 -0.00223147313294 -0.0377386362215 -0.0343887242216 0.998693261973
880.0 2.306479447329013 1.8099108849429955 -0.3729746778222832 0.000405075933255 -0.0377101429344 -0.0359036288465 0.9986434351
900.0 2.1910015399209937 1.779421308334632 -0.3652455427419262 0.000474079464508 -0.0421169937499 -0.0414250072812 0.998253426169
920.0 2.078116281878571 1.7255538077755792 -0.3456867569732995 0.000588474412885 -0.0438316325098 -0.0424011808056 0.998138558295
940.0 1.97064803150418 1.6450128335666034 -0.3130434508365161 0.00316056758603 -0.0377854111846 -0.0330981580044 0.998732589561
960.0 1.862642876878078 1.5533380728422463 -0.26959733261070995 0.00500513405954 -0.0279520207026 -0.0191346523615 0.999413577179
980.0 1.7549251139135833 1.4529860631125409 -0.2203661236813462 0.00544103459574 -0.0173520877986 -0.00370434824224 0.999827774167
1000.0 1.6663010275319592 1.3440261901238078 -0.16774062834132736 0.00843141331047 -0.00868859453931 0.0199180584007 0.999728308364
1020.0 1.5814052430534016 1.2371061466105149 -0.1269052876001235 0.0123049976417 0.000285288318684 0.0433534089576 0.998983977637
1040.0 1.496567165132545 1.1376652676169088 -0.09704151516263997 0.0172833147178 0.00722140918825 0.0605480082222 0.997989517471
1060.0 1.3950956738756903 1.0601541558249516 -0.07035825151542906 0.0226565365107 0.00945126198181 0.0656287458993 0.997542090697
1080.0 1.280060129505918 0.9847405349508518 -0.03608796000546862 0.0230992426776 0.00611735464618 0.0572674158319 0.998072866099
1100.0 1.1775578069686186 0.8800636650260125 0.014952695915783704 0.0196076198946 0.00100617199212 0.0493701237581 0.99858756238
1120.0 1.0840777274314024 0.7611692480449948 0.06963515371414702 0.0182277107633 -0.000591931796803 0.0457607066374 0.998785941984
1140.0 0.9846563726032466 0.6337153435367906 0.1323708160825186 0.0158145061701 -0.008420913181 0.0361475156019 0.999185841939
1160.0 0.874627825470383 0.500884839713501 0.20257700654468228 0.00960676455498 -0.0238048868952 0.0124530587647 0.999592896514
1180.0 0.7580771283212332 0.36925469823212265 0.27062206625192453 0.00351061640112 -0.0399163339223 -0.0193829858479 0.99900883966
1200.0 0.655761261311195 0.24196424499587046 0.33057326018767 0.000409047232422 -0.0480779078085 -0.0452631871009 0.997817413836
1220.0 0.578823923508054 0.1304855285167739 0.37815395956038944 -0.00148056581191 -0.0556045685217 -0.0567921891321 0.996835285861
1240.0 0.522764125385101 0.04016101661941573 0.4089592612653377 -0.00403184618309 -0.0678876840315 -0.0618962421957 0.995762954611
1260.0 0.47941990836095905 -0.03807895972143955 0.4247874561463361 -0.00413505586754 -0.076337222453 -0.067021297871 0.994818413286
1280.0 0.46146900712408906 -0.10576961320016516 0.41426457644418613 0.000529175043873 -0.0698149623592 -0.0633239885544 0.995547921236
1300.0 0.44662037146861466 -0.17450095889339062 0.3920183802956181 0.00293526648417 -0.0654069885963 -0.05873185975 0.996124429328
1320.0 0.42289992928224285 -0.24868760877992407 0.3705523554948016 0.007145780386 -0.0627905278831 -0.0520505805694 0.99664287711
1340.0 0.3852911046464196 -0.32270544430412346 0.35510824142964426 0.0112477331918 -0.0627450401791 -0.04460964142 0.99696866968
1360.0 0.3347651710521675 -0.39579008261324466 0.35040026652282846 0.0131009661648 -0.0593306375751 -0.0418027220668 0.997276678038
1380.0 0.2610340777084965 -0.4542310528518223 0.35491418364663546 0.0105147837704 -0.0590251536759 -0.0518422846414 0.996853975304
1400.0 0.18115626145843028 -0.5016812483531266 0.3698517764028465 0.00440236516528 -0.0627318580179 -0.0659813099409 0.995837235651
1420.0 0.11139299195546065 -0.5449181359381747 0.3821209782305419 0.00275476198296 -0.0639546496526 -0.0730355889512 0.995272835368
1440.0 -0.007305966474358514 -0.5572913756114211 0.37477703345656865 0.00404525438993 -0.0666335083963 -0.0730886883008 0.995088767457
1460.0 -0.07271915916610171 -0.5729654992179997 0.3884010273973261 -0.00228227519131 -0.0720832453381 -0.0738896882735 0.994655272408
1480.0 -0.1480154743224626 -0.6149419786769145 0.42364184794662824 -0.00371878707366 -0.077501608856 -0.0839316649745 0.993446096606
1500.0 -0.2333156917257636 -0.6773591447035374 0.46613356407032336 -0.0028058509596 -0.0807053601192 -0.100257073586 0.991679026321
1520.0 -0.3141054216350861 -0.745875861477521 0.51100636706929 -0.00647953834354 -0.0826938521348 -0.109119899189 0.990561754765
1540.0 -0.38325011294604566 -0.8033760368287782 0.5500069340275033 -0.0098610508639 -0.0852103941275 -0.108911986466 0.990343439223
1560.0 -0.4445985527644144 -0.8535144698213277 0.5660561146145575 -0.00942095646774 -0.0834021284672 -0.101825228166 0.991255241325
1580.0 -0.5105794461984863 -0.9029678497169388 0.5567947938849834 -0.0070369113363 -0.0816063330013 -0.0961336643594 0.991992543757
1600.0 -0.578828566715199 -0.9557704716032668 0.5299701695685388 -0.00403643573335 -0.0834319556784 -0.0936913796805 0.992091095279
1620.0 -0.6422359256726154 -1.016728996215756 0.4915566056667273 0.000648081838696 -0.0916910044556 -0.0904356691211 0.991672188499
1640.0 -0.6996398809390844 -1.088777289384022 0.46063990511526953 0.00973073076712 -0.0954729001257 -0.084773786683 0.991767938235
1660.0 -0.7551568053607384 -1.1574753574987104 0.4425069925397053 0.0129788927309 -0.0848792685722 -0.0815485903925 0.992963687914
1680.0 -0.8201951502792769 -1.2146540499999252 0.42375953763527263 0.00720708032494 -0.0753103063102 -0.0843953467438 0.993556159059
1700.0 -0.8886649530742698 -1.2634687715799016 0.3985930518616442 -0.000522330836193 -0.0759450883454 -0.0863251587985 0.993368027312
1720.0 -0.9610408391391134 -1.316044539340352 0.3735037670170452 -0.00457856767072 -0.084346930165 -0.0892082694677 0.992424564765
1740.0 -1.0231117039542528 -1.3780794900952718 0.35037516377402167 -0.00110187621756 -0.0830464512348 -0.084866049971 0.992924884555
1760.0 -1.08149548087533 -1.4398088255117891 0.3342140145609951 0.00425985540062 -0.0754794757509 -0.0771052165917 0.994152648212
1780.0 -1.1530034051128242 -1.484863946141582 0.32695751359790115 0.00580130795702 -0.0693219096163 -0.0745845817993 0.994785382799
1800.0 -1.218625478113107 -1.534729624246129 0.3250785445299788 0.00192874685053 -0.0646283914004 -0.0656035337449 0.995748777213
1820.0 -1.2878038309991957 -1.5936466379846392 0.3309180533697582 -0.000730230813479 -0.0662319565714 -0.0545669602845 0.996310815728
1840.0 -1.356561181840819 -1.660370997707769 0.3293490322460072 0.00372372831856 -0.0579704910363 -0.0426732913067 0.997398890227
1860.0 -1.4345856193598603 -1.7245463364657652 0.3211441014853811 0.00827754761821 -0.0563785559543 -0.0355540186048 0.997741876637
1880.0 -1.5209173627255919 -1.7737801603196208 0.3204394525378274 0.0122343605077 -0.0544032368634 -0.0338074329887 0.997871567746
1900.0 -1.6160684943685801 -1.8233666265800967 0.32743287255548165 0.0114148509396 -0.0548540241388 -0.0368972927305 0.99774712578
1920.0 -1.7065581514712327 -1.8860450297776647 0.33912021117797897 0.0076101693601 -0.0572096030932 -0.0362143295905 0.997676134308
1940.0 -1.7929771724014616 -1.9639743121637943 0.3482881382467217 0.00728408465133 -0.0608503522248 -0.0344312322914 0.997526273833
1960.0 -1.8720344033839977 -2.05105514749458 0.3479371531932994 0.0117391637013 -0.0616245503742 -0.0318157853868 0.997523113831
1980.0 -1.938531124231916 -2.1287373957815667 0.35649262986447217 0.0182033805513 -0.0565543531153 -0.0227210837416 0.997974946797
2000.0 -2.0635108307384478 -2.282292518712578 0.37176421463233045 0.0173543875776 -0.040273787426 0.00292505045666 0.999033678791
2020.0 -2.0010566816326367 -2.2059107556694952 0.3639860496391544 0.0188400888215 -0.0475094152996 -0.010007208979 0.998642960361
2040.0 -2.1277567803203183 -2.3549526860986334 0.380433982558517 0.0169819611139 -0.0322161123205 0.013898626721 0.999239992834
2060.0 -2.2046292140819492 -2.4219676982472897 0.38469689121861217 0.0165775811339 -0.0291023858731 0.0176528062395 0.999283049677
2080.0 -2.2884626885410793 -2.486954485110084 0.3919560281962083 0.0180567634021 -0.0321139646538 0.0167413876619 0.999180850752
2100.0 -2.37562583599917 -2.5524142358857818 0.38440806675141115 0.0194378952789 -0.0342826165118 0.0160015043381 0.999095001635
2120.0 -2.457638570565334 -2.6253092615021782 0.37522527080523055 0.0212305763027 -0.0402144613071 0.0159722011959 0.998837798905
2140.0 -2.5299501653120684 -2.7068994956511467 0.3808065399232365 0.0248579975691 -0.0406423629631 0.0204891141864 0.998654331833
2160.0 -2.6027504031448974 -2.7913973743651845 0.40315134221888443 0.0254491114564 -0.0319895200342 0.0230670080705 0.998897855876
2180.0 -2.684330386617649 -2.8687651165338397 0.4341819236932755 0.0204097797564 -0.0201533104073 0.0233184547837 0.999316533755
2200.0 -2.778292183405422 -2.913925655829587 0.4653935869525119 0.0146692478956 -0.0135866927629 0.0189650446729 0.999620198889
2220.0 -2.8746184961439716 -2.9415420169938153 0.48956975167661054 0.011954348166 -0.0200637387556 0.0137427526796 0.999632770919
2240.0 -2.97132709747024 -2.9654720142705 0.5099491914827372 0.0108439948867 -0.0303688463168 0.00603486101425 0.999461715825
2260.0 -3.069844281122585 -3.01184341378461 0.5229243359543313 0.0080740232192 -0.0413304657367 -0.00341639446841 0.999107066835
2280.0 -3.1760078883609957 -3.0812254948134834 0.5468175488974834 0.0091594123313 -0.0510453491841 -0.0165534033073 0.998517131717
2300.0 -3.2807593173044167 -3.1662552783470415 0.5738538656625446 0.0117240970699 -0.0511511491101 -0.0311149740759 0.998137247016
2320.0 -3.373292909810802 -3.2578341645315274 0.6089941352966284 0.0107255591167 -0.0483822889575 -0.0358230654684 0.998128661284
2340.0 -3.4532801525111116 -3.349079531827525 0.6509775414486488 0.00720891146515 -0.0459246597396 -0.0307064895044 0.998446828191
2360.0 -3.522072177833009 -3.4403437526616925 0.6928975413325272 0.00520343311457 -0.0391493689584 -0.0192316568859 0.999034731412
2380.0 -3.589170153833639 -3.5289391479464323 0.7391646805806775 0.00504794101571 -0.0327992027567 -0.0091999114752 0.999406870208
2400.0 -3.652643045551409 -3.606003824377532 0.7850749459933685 0.00930309155408 -0.0299508240399 -0.00428027273055 0.999498914403
2420.0 -3.7145772402638686 -3.681183705507598 0.8346384488366834 0.0138101497886 -0.0310681857416 -0.0023692032702 0.999419048484
2440.0 -3.7800016390902007 -3.7545020802254707 0.8894412385702082 0.0149665296368 -0.0338282608332 -0.00160493363354 0.999314302884
2460.0 -3.8443842612778862 -3.8328629051232603 0.9506602767203863 0.0123366516228 -0.0352225898567 -0.00304182556974 0.999298715844
2480.0 -3.968425221719901 -3.9754295338904404 1.0699703512998917 0.0119469254286 -0.0286931174835 -0.0050122590557 0.999504303763
2500.0 -3.907847843463162 -3.9080383509561707 1.012176526819125 0.0104676230138 -0.0326384977519 -0.00515606057004 0.999399105649
2520.0 -4.103309613069185 -4.097643223172037 1.1814935532578614 0.0169690912914 -0.0337880081514 -0.0121849105788 0.999210662673
2540.0 -4.029273884229745 -4.042015248869696 1.125097574563753 0.0139678173107 -0.0299931844282 -0.00497802110316 0.999440107397
2560.0 -4.178511653587191 -4.157407323881967 1.2444711572572604 0.0175187753824 -0.040705673773 -0.0175449593911 0.998863511713
2580.0 -4.247293444594888 -4.214485191248327 1.319768658943441 0.019725243523 -0.0450868775436 -0.0245751308012 0.998485929389
2600.0 -4.322084185506051 -4.260637439666541 1.4042371854254245 0.0194467929587 -0.0539431228189 -0.0369963033595 0.997668900629
2620.0 -4.402698821312459 -4.298506211113586 1.4909897151165494 0.0151407109496 -0.0644740191995 -0.0522184691405 0.996437198824
2640.0 -4.487708334327788 -4.343232404467499 1.5840861181777341 0.0131943593112 -0.0703226886477 -0.0671967993867 0.995170949383
2660.0 -4.58289395908151 -4.398361673752687 1.685459784470111 0.0120379940719 -0.0743355226653 -0.0842721154445 0.993593240379
2680.0 -4.677253616788765 -4.463462949698378 1.7958548571912658 0.0118634120353 -0.0811241030327 -0.103118552809 0.991284370617
2700.0 -4.749594472801164 -4.5180907268447426 1.915096175884488 0.0157039672282 -0.0892706425822 -0.115633559551 0.989147621789
2720.0 -4.80363487591217 -4.569373103562378 2.0312130960792545 0.0170673457794 -0.0947022562305 -0.119698167046 0.988135890037
2740.0 -4.841555748889435 -4.629850603307855 2.142456304733614 0.0119292705524 -0.0955040480454 -0.114487969716 0.988751320657
2760.0 -4.868975915736473 -4.698440084846779 2.245111903000814 0.00616700240788 -0.0874146017481 -0.10345040035 0.990766708237
2780.0 -4.9068724677067594 -4.784170951874596 2.3384343950676105 0.00539305210226 -0.0738855484264 -0.0876980793478 0.993388588419
2800.0 -4.958402975206755 -4.881810583778593 2.4296961779345683 0.00466069547951 -0.0647405268577 -0.0728352739259 0.995229604148
2820.0 -5.020345767737439 -4.97761863440849 2.5089613591491338 0.0033788039093 -0.0642990122021 -0.0627048524183 0.99595297188
2840.0 -5.0979741755984955 -5.071288837640393 2.5721922811663895 0.00596352228756 -0.0685519956361 -0.0602880653541 0.995806411644
2860.0 -5.183463725118716 -5.166475038382581 2.6436895043053013 0.00914700658296 -0.071430208641 -0.0679309560913 0.995087655822
2880.0 -5.261875685117469 -5.232565931480643 2.7030587191331037 0.0155882021952 -0.0689278466615 -0.0754635614109 0.994641247288
2900.0 -5.3658146840478045 -5.257144438216297 2.7474104072958134 0.0173328263309 -0.0733989321686 -0.0870115281411 0.99334846044
2920.0 -5.45233227090238 -5.287262889480211 2.7978210482060617 0.00632205483954 -0.0909293865456 -0.0973674713245 0.991065817094
2940.0 -5.511756676751604 -5.317949114796221 2.841760448498811 -0.00638782220543 -0.109044918595 -0.108343826881 0.988094133488
2960.0 -5.550885737092106 -5.339488112506094 2.8654584843578905 -0.00691417103046 -0.111298624161 -0.121917838023 0.986255976545
2980.0 -5.591947980086125 -5.375309311084507 2.8917816992647025 0.00134431295825 -0.10565181866 -0.133807888652 0.985358480438
3000.0 -5.689275652566807 -5.481460777519402 2.964454296043854 0.00537480168839 -0.0964474458638 -0.13818517144 0.98568446274
3020.0 -5.803862678882341 -5.615458995193891 3.065108207787779 -0.00616226059224 -0.0894757967976 -0.135707701819 0.986681067011
3040.0 -5.891119874515368 -5.727141536097878 3.1384083981779676 -0.0170660981606 -0.093887655906 -0.128535220105 0.987103111916
3060.0 -5.9426911450294 -5.813688524184934 3.170244640410257 -0.0165987704594 -0.104365772398 -0.11875574605 0.987283818945
3080.0 -5.980823255090865 -5.884407453172984 3.173730348621959 -0.00713868382657 -0.11357275254 -0.11969475723 0.986267425279
3100.0 -6.041160426423581 -5.9280225778589575 3.1662672507140996 -0.00533505281986 -0.137751523845 -0.158166954405 0.977741923732
3120.0 -6.104889415473135 -5.950914113899079 3.1563165594397606 -0.0139465512211 -0.165837508992 -0.214432049329 0.962456394098
3140.0 -6.169937737177367 -5.951865152881686 3.140463652110272 -0.0310211557894 -0.196100246929 -0.280215145122 0.939181480595
3160.0 -6.231522421223995 -5.935637056875551 3.114741216372671 -0.0505267865416 -0.22696256459 -0.352886771206 0.906314495539
3180.0 -6.280842975752315 -5.904848200577159 3.0776804225570973 -0.0664520162379 -0.254901269493 -0.427648458246 0.864711667846
3200.0 -6.314319705475715 -5.863410410119446 3.0337462989410757 -0.0782535189794 -0.285762220376 -0.498143306096 0.814904648879
3220.0 -6.327388046712746 -5.817484470798039 2.983815220679414 -0.0883482084331 -0.318376345238 -0.561921378512 0.758337300435
3240.0 -6.317092399834876 -5.7692925467060014 2.9316594404194074 -0.0976206545339 -0.348242956155 -0.619408759574 0.696799712873
3260.0 -6.290535887577903 -5.721146856909707 2.88196668445307 -0.106183754442 -0.370932296354 -0.672270696466 0.631811959753
3280.0 -6.277898511031199 -5.640600339228148 2.8226021214014003 -0.114076012188 -0.391604459271 -0.724205796422 0.556020301205
3300.0 -6.3013094742545475 -5.4466402228348665 2.7297531415556695 -0.122015973663 -0.410592476567 -0.791306918853 0.436301822748
3320.0 -6.2783279873131725 -5.194275108334338 2.6202777587956185 -0.126419933701 -0.414892614148 -0.851920698941 0.293450578129
3340.0 -6.213041072370396 -4.945564084105443 2.5145372824404912 -0.118193849432 -0.411855018481 -0.885866676098 0.177892916916
3360.0 -6.134008562200645 -4.712283727403789 2.4167032666235793 -0.105433072928 -0.415231503386 -0.896669182472 0.111584241426
3380.0 -6.04345172132054 -4.486727510816075 2.3235234406775938 -0.104769156803 -0.423183483792 -0.897516541963 0.0663567610086
3400.0 -5.94138056630772 -4.249947381471915 2.22375225430346 -0.107059939165 -0.432241838581 -0.894559729957 0.0383151659983
3420.0 -5.8307579410434 -4.003119752099933 2.120739044887935 -0.109713417038 -0.438201967716 -0.891916426371 0.0206661554771
3440.0 -5.713914251396675 -3.7533010922431282 2.0172301315541086 -0.109807496033 -0.443439393834 -0.889506483543 0.00905723726139
3460.0 -5.589992909322351 -3.4959353163132696 1.9114893398254618 -0.107601846644 -0.446155054101 -0.888462251385 0.00152910495729
3480.0 -5.427525385027333 -3.2315416608085283 1.806539431514931 0.115242024955 0.441166384488 0.889227894118 0.0369492788214
3500.0 -5.1965133929603 -2.9788695532048637 1.7028470202803017 0.120212891375 0.430116379541 0.887030050678 0.117159933394
3520.0 -4.707838338696776 -2.5368453041820582 1.499605220173087 0.10100653283 0.439259372641 0.870849818842 0.196136373207
3540.0 -4.9527326686602775 -2.7518461804618255 1.600219861191122 0.109982283907 0.4317254336 0.878848551252 0.17071107513
3560.0 -2.0742040579466177 -1.5090538299281655 -0.12212480487677753 0.141415859635 0.461308450272 0.76644696391 0.423975376484
3580.0 -4.2615381556821585 -2.1865767348581264 1.3037824725251363 0.120221696018 0.442252279694 0.861306977404 0.219339817603
3600.0 -4.070257724869193 -2.0722349929361257 1.1801752161937542 0.136479149257 0.447387261078 0.853767400202 0.22869041693
3620.0 -3.8835186474079206 -1.9757875067693929 1.0284542102279688 0.141704743899 0.472899242213 0.837399655174 0.234622867141
3640.0 -3.6963055737818196 -1.8910783441460879 0.8607469436809988 0.146136660265 0.498503804715 0.820351830714 0.239083472987
3660.0 -3.517096474071034 -1.8181351485257913 0.703621827606667 0.157304135683 0.508703317798 0.809969343203 0.245817018184
3680.0 -3.3261860131203935 -1.7471509625136803 0.5549542579588862 0.161758776412 0.50474119788 0.805981903312 0.263559467576
3700.0 -3.104986478146018 -1.6786660266341507 0.411300001167299 0.149695657439 0.49433338756 0.80457708125 0.293055340193
3720.0 -2.8583712885266497 -1.620323485046214 0.27644872080526955 0.137259115073 0.479474910905 0.799615850544 0.33448204242
3740.0 -2.6012519438031205 -1.5725954744109942 0.14337360751159237 0.12846936701 0.470786708803 0.788711587609 0.373884378019
3760.0 -2.3402469796659977 -1.5353725469393957 0.012417160496522988 0.131287593267 0.46529539061 0.77702132766 0.403114901352
3780.0 -1.8057253552796344 -1.4923960735774062 -0.2606044903895724 0.149569984607 0.463101207231 0.755868228579 0.43798323323
3800.0 -1.5259934929992838 -1.4672998219895521 -0.37508151970880643 0.153947397293 0.456007039561 0.753857006913 0.447277756954
3820.0 -4.466201784851191 -2.3340122647462516 1.4007647988919272 0.102370241615 0.443413501529 0.865650916505 0.208694252549
3840.0 -1.2289206681723068 -1.4381643274001288 -0.4757335806758823 0.150611996925 0.443233141405 0.759687842579 0.451369904381
3860.0 -0.9199015462897865 -1.3984513480051903 -0.5739994385631421 0.13838413214 0.437325503252 0.767635509656 0.447584584735
3880.0 -0.6029470069596368 -1.3412781520524895 -0.6408659594147837 0.121819273018 0.430285656533 0.776166106566 0.444500273927
3900.0 -0.29601847378602686 -1.275372808221304 -0.6865824773675672 0.10791659256 0.424846377667 0.782691494802 0.441875082344
3920.0 2.355968009316725 -0.1289703680168793 -0.09969964489026902 0.15486377394 0.436522487714 0.742203809087 0.48435403892
3940.0 0.2542240790139299 -1.1213947065710872 -0.7004172370995573 0.113788134388 0.443162905067 0.770841918468 0.44323993139
3960.0 0.4870207934624189 -1.034662551686982 -0.6767782949667228 0.127784945376 0.458431038377 0.759812762433 0.442940805111
3980.0 0.6997178516481428 -0.9440880341351708 -0.6354999267421058 0.138434153099 0.469793944413 0.752743945902 0.43989338135
4000.0 0.9445085567163641 -0.8260009058858641 -0.6176026731215923 0.141802864642 0.465370519914 0.755045366605 0.439577889734
4020.0 1.1653006194512006 -0.7178744167386302 -0.5699239162792046 0.137897495837 0.461634276135 0.756868863001 0.44161929301
4040.0 1.3589650284268155 -0.6036840485403812 -0.5048930078463093 0.134723961915 0.456408431253 0.757718517623 0.446546129777
4060.0 1.5562287785060207 -0.49567224632131957 -0.43084605552248223 0.12969467226 0.453886427449 0.756643155728 0.452390912657
4080.0 1.7503540383368834 -0.39554146801689416 -0.3431182341541914 0.130141805714 0.453467030505 0.751894412792 0.460527474384
4100.0 1.9408397729939177 -0.2917085812705616 -0.2565927437513157 0.137458303941 0.450743819161 0.745519879537 0.471312352247
4120.0 2.1412633369220853 -0.20250386440314325 -0.16622086583740397 0.146012806984 0.446513295675 0.741321854375 0.479320399324
4140.0 -0.014518738430964604 -1.1952612432408043 -0.701636561370306 0.108997480217 0.427178391809 0.781287030194 0.44184697275
4160.0 2.597126349731219 -0.0736269716729545 -0.06711373508320692 0.154593299752 0.427012685197 0.748216191989 0.483666836157
4180.0 2.8556951955795737 -0.026970945387436173 -0.06580767652751272 0.146406352605 0.420920450433 0.755239260825 0.48062960087
4200.0 3.130886449160592 0.006191700034389791 -0.08999352807347577 0.136829778066 0.420739401886 0.759419865712 0.47700884174
4220.0 3.4185608683266895 0.03775912962878195 -0.12823651420846913 0.12927008275 0.422133261953 0.762904334587 0.47230258429
4240.0 3.7211288899308994 0.073930674414983 -0.17079941569560383 0.120950722207 0.419621147963 0.76877113727 0.467204402248
4260.0 4.02882469538367 0.11501729405954805 -0.21294462409990225 0.113235662148 0.414528211201 0.774432873987 0.464325069993
4280.0 4.335043389404182 0.16393779669738615 -0.2569705424826474 0.108833139738 0.414495657652 0.778097794025 0.459252131639
4300.0 4.637046150980796 0.21670717838201636 -0.2977457789418752 0.109139233035 0.415445465525 0.779306923724 0.456261341364
4320.0 4.926736672743852 0.2718100597402013 -0.3383627305903716 0.108549020421 0.425876489415 0.78122026352 0.443329703264
4340.0 5.173816917602485 0.3568092426974451 -0.3817649858930336 0.11181505206 0.445602959283 0.794602877007 0.39691518573
4360.0 5.383414069709927 0.47404629587779523 -0.43151553263529996 0.116022644038 0.466440450556 0.815233054517 0.323059002319
4380.0 5.549975206314894 0.6210005715537411 -0.48666776323587246 0.116796656249 0.483471626997 0.835980380683 0.23184160561
4400.0 5.7035800670333385 0.7948292495950956 -0.5409115468215643 0.118256521401 0.482509262378 0.85333393545 0.15818154594
4420.0 5.833119792514047 0.9890135237449162 -0.6004335246260475 0.112666064913 0.477512644688 0.866838149335 0.0887674199076
4440.0 5.887247228441613 1.1866615947602468 -0.6567350810918633 -0.102308551079 -0.478091487777 -0.872163662814 0.0170890303195
4460.0 5.877618424802633 1.3721648119898862 -0.6963073372825322 -0.0996729119477 -0.473182346549 -0.863397822539 0.143902667013
4480.0 5.827197292869785 1.5523070675879456 -0.7240513336994815 -0.104299012186 -0.461156796646 -0.843253560685 0.255694265395
4500.0 5.746777479165274 1.7261331150692492 -0.7467313139920876 -0.107222377762 -0.444560307081 -0.817412951851 0.350293535798
4520.0 5.648209089117454 1.9079325090052761 -0.7688197237747412 -0.108467282949 -0.427784445831 -0.795382334654 0.41545427926
4540.0 5.531624273475504 2.091977186737548 -0.7941469351679236 -0.103615477526 -0.413053265129 -0.777011320369 0.463577653691
4560.0 5.389509713349569 2.257067750683098 -0.8079488750187523 -0.09371287806 -0.394281823243 -0.752796447103 0.518707286989
4580.0 5.2267172242229165 2.3619817696396526 -0.7932139167376426 -0.0773963694942 -0.361901957802 -0.702725775558 0.607629212016
4600.0 5.065801841707827 2.412973653658757 -0.7485648068768269 -0.0639876739708 -0.320532476849 -0.631598370647 0.703027742739
4620.0 4.911560631037197 2.4191489055991395 -0.6814626815036067 -0.0522718181268 -0.272045660271 -0.548068843434 0.789227064041
4640.0 4.757590182493414 2.414011210944081 -0.5966873329851755 -0.052764483778 -0.235485574103 -0.477251133371 0.844981543785
4660.0 4.591459948836577 2.394125268158714 -0.5044661227833036 -0.0588406493231 -0.205023056098 -0.423591702423 0.88038252714
4680.0 4.429689870932141 2.3542767474114576 -0.4143448549668348 -0.060807255016 -0.17793020093 -0.374469333792 0.907973589585
4700.0 4.342126238022909 2.284256120374867 -0.34811496056538793 -0.0530863153785 -0.144084840848 -0.301663551646 0.940967854587
4720.0 4.312079138689903 2.2086394406862007 -0.30512470993467866 -0.0363709800373 -0.105322348595 -0.209382546345 0.971464515041
4740.0 4.28558567031251 2.1309416035984032 -0.2632680209215632 -0.026664637011 -0.0807845219569 -0.12936193707 0.987941469614
4760.0 4.249799195398083 2.057177767858355 -0.24303309317941216 -0.0111850363667 -0.0509032866944 -0.0621575671122 0.996704663988
4780.0 4.188464088814346 2.021241875317306 -0.257510101648796 0.0136063593089 -0.00748308090435 -0.00745378944121 0.99985164475
4800.0 4.106362143878682 1.9971552060872328 -0.2611355031300143 0.0226090048604 0.0132723950362 0.0407604378687 0.998824941185
4820.0 4.017350537144542 1.9800991905229648 -0.2509904505820121 0.0172004796837 0.0152857356903 0.0841261499125 0.996189379929
4840.0 3.9253909577157677 1.9553116763389058 -0.24821967344714763 0.0108422672321 0.0128206984202 0.117590779698 0.992920179805
4860.0 3.815015208228347 1.9332403348713303 -0.24831104628121436 0.0115962490389 0.01954680046 0.130353694841 0.991207023705
4880.0 3.679726745805062 1.90710643478292 -0.2574618784502815 0.0123867481724 0.0217748775617 0.120247034697 0.992427868323
4900.0 3.5347533454504587 1.8848985335311854 -0.27025487724875186 0.0114436793317 0.0132981289952 0.0988412371605 0.994948547315
4920.0 3.3850988961253656 1.870576654331231 -0.27873618816367896 0.00856834417747 0.000444830686649 0.0726000864157 0.997324226647
4940.0 3.2763577566064406 1.8389235122943777 -0.2821403005779588 0.00324557508637 -0.0114306020892 0.0555829418089 0.998383365325
4960.0 3.19864237759075 1.832344845767442 -0.31483193429703515 0.000309478667536 -0.0351199936365 0.027976397732 0.99899139708
4980.0 3.148447952286155 1.9062869535166973 -0.39813169486220085 -0.00148393432363 -0.0690218593515 -0.0194715821792 0.997424001294
5000.0 3.137129374360925 2.005620075289433 -0.4831164678370338 -0.00319466405609 -0.0782964692369 -0.0588404211266 0.995187048684
5020.0 3.1374040125732128 2.065353854346598 -0.531820290604694 -0.0115114784045 -0.0794554667987 -0.0877145927324 0.992905063378
5040.0 3.134626165369561 2.1221848971225463 -0.569430007212567 -0.0196534088443 -0.0841665066165 -0.113526173723 0.989768432799
5060.0 3.189772568535625 2.2121862402524366 -0.639894059519413 -0.00925400697189 -0.0777266975591 -0.108093851541 0.991054308855
5080.0 3.2923185474466816 2.330827485363323 -0.7256854619718175 0.0102057734718 -0.0517262872788 -0.0665757438795 0.996387426516
5100.0 3.3577311103006893 2.4689870805721448 -0.7896765109462119 0.0126490100633 -0.031960109144 -0.0262878590684 0.999063312525
5120.0 3.3843643241990238 2.610297136630393 -0.8337505333857698 0.00246519773255 -0.0228899192433 0.00457355210893 0.999724490556
5140.0 3.3787959428607537 2.740237158067884 -0.8674201390194458 -0.00345008375919 -0.0135200521618 0.0203909585764 0.999694710359
5160.0 3.3513525326655986 2.8600492899741443 -0.8952506148997247 -0.00216603253631 -0.00472353880569 0.0277960456072 0.99960010821
5180.0 3.307829853305743 2.972897835732097 -0.9120279197591866 -0.00146004765088 -0.00412188946449 0.0302392944467 0.999533122693
5200.0 3.252758210052518 3.078365898520518 -0.9215581402569109 -0.00192929742858 -0.00640950807771 0.0280529384498 0.999584027815
5220.0 3.1884515913845726 3.1747020230238587 -0.9309172134483661 -0.000966118141935 -0.00899136859698 0.0227334655518 0.999700660923
5240.0 3.1562791101956202 3.24237680264869 -0.9265293875046231 -0.00714926312292 -0.0211096843686 0.0212087040959 0.999526618021
5260.0 3.172776954539131 3.381970971739459 -0.9746817065371128 -0.0113968538635 -0.0396591011577 0.0207019739619 0.998933779433
5280.0 3.2013722787347314 3.512855768544194 -1.04049723132911 -0.0113625968997 -0.032208098011 0.0161613806911 0.999285914835
5300.0 3.22974966143296 3.6049101742734986 -1.0799298400398272 -0.0112891426802 -0.0201567276737 0.00734893348948 0.999706084189
5320.0 3.2728187519556857 3.738789913917859 -1.1373204987985723 -0.0121298681862 -0.0296972274204 -0.00192770628918 0.999483479068
5340.0 3.308291246851482 3.8295990540147296 -1.161079604853945 -0.0175678124967 -0.04049972212 -0.0117160202494 0.998956395115
5360.0 3.3311187847974186 3.92836296625272 -1.125340413353576 -0.0182076541896 -0.0517282379356 -0.0569143977047 0.996871818271
5380.0 3.3316090376758205 3.8953753561875737 -1.1568994081042168 -0.0222462594374 -0.0496554587473 -0.0293551781748 0.998087026703
5400.0 3.2682986916880474 3.8946665119601334 -0.9915532917703318 -0.0211885503485 -0.0661352123458 -0.0966252931168 0.992895126261
5420.0 3.309471542742822 3.9293534314605787 -1.068394982032164 -0.0169946460603 -0.0566433837619 -0.0817079676902 0.994900254848
5440.0 3.226562204833483 3.8321825676892387 -0.9201533200329697 -0.0230415649888 -0.073350035927 -0.0997168913803 0.992041027421
5460.0 3.193831671907968 3.74482378702543 -0.8635896005228103 -0.0160028535356 -0.0738664767999 -0.0912536079915 0.992955402479
5480.0 3.167456694350637 3.6347020521175435 -0.8208369419464834 0.00045682150297 -0.0651186077686 -0.074630149651 0.995082759875
5500.0 3.1532628240353335 3.5099584347653505 -0.7894112561657411 0.0195921116215 -0.0505277417322 -0.0508550372643 0.997234607132
5520.0 3.1521395314560716 3.3880584907616305 -0.752964793794986 0.032088863474 -0.0382284803816 -0.0184850263179 0.998582591442
5540.0 3.1518673346492925 3.2605508857300953 -0.710511351781808 0.0309211484063 -0.0336095604458 0.0132120166265 0.998869221993
5560.0 3.1427132788512613 3.1247547718119795 -0.6702198768244756 0.0283996538493 -0.0312965160938 0.0294619481315 0.99867210903
5580.0 3.126112835727635 2.972958865625385 -0.6353940881877436 0.0295445190277 -0.0185542820355 0.0306022212124 0.998922601642
5600.0 3.076622861321964 2.6531518783023658 -0.575642313538688 0.031877206596 -0.0158003472839 0.0132103449593 0.999279580253
5620.0 3.1055058531928768 2.812176161604741 -0.6033727726974977 0.0307054597864 -0.0112750168012 0.0242303998358 0.999171124712
5640.0 2.994276241387576 2.428373082979361 -0.5476506220506455 0.0161360566749 -0.0586690648355 -0.0279412922982 0.997755908372
5660.0 3.0401656462661184 2.5237485561967112 -0.5636371172120398 0.0278442581511 -0.0330960159418 -0.00511061539705 0.999051166171
5680.0 2.9359740776172902 2.3498466018827426 -0.5292616735670852 0.00562680654406 -0.0674006278589 -0.059974446362 0.995905899268
5700.0 2.8683946410142998 2.277277621111474 -0.5143845077083344 -0.00336928732108 -0.0713059928109 -0.0937146884768 0.993036585658
5720.0 2.7881333742459096 2.204117853774196 -0.49386096748944175 -0.0108020344889 -0.0833514939528 -0.122164774358 0.988944696337
5740.0 2.6971917402925243 2.1214415880399566 -0.46687733907303813 -0.0122833725496 -0.0961088617878 -0.140532824224 0.98532366802
5760.0 2.5957816329933614 2.0364928491995324 -0.4422679766326824 -0.0088813559568 -0.0981225476891 -0.15034042449 0.983712785276
5780.0 2.498438679125126 1.9577214527176716 -0.4173929412118261 -0.00741350977596 -0.095627158751 -0.149234019668 0.984139062204
5800.0 2.406998236296588 1.8872127500211555 -0.3973842442294826 -0.00630834896572 -0.0930760279361 -0.138339607752 0.985981343984
5820.0 2.3203918948008266 1.8194211467092094 -0.3813180313331516 -0.00411596920009 -0.0896750606657 -0.121560528428 0.988516302456
5840.0 2.234847512832173 1.7832571302387632 -0.38986593399345776 0.00208026053716 -0.0820269819144 -0.108806046139 0.99067072788
5860.0 2.1642344979192916 1.7924502974370478 -0.4131690399695631 0.0106822701289 -0.0694543250289 -0.0929560939652 0.993187369248
5880.0 2.1015389275014 1.8314108844221135 -0.4336268705684837 0.00899293218732 -0.053919192511 -0.0738233160384 0.995772045128
5900.0 2.03280638467823 1.8942283080210045 -0.4553690444285141 -0.000544973456755 -0.0421853818184 -0.060292581415 0.997288775226
5920.0 1.9550192014282366 1.967039708254251 -0.4814416460042781 -0.00758843423961 -0.036954483522 -0.0546048024097 0.997795117931
5940.0 1.868598485724891 2.030732051470794 -0.5037372232550097 -0.0103885011379 -0.0437601277036 -0.0563658153827 0.997396623778
5960.0 1.772287727497824 2.0891949578982683 -0.52365173073366 -0.00844887063062 -0.0554670628589 -0.067581252402 0.996134928535
5980.0 1.6789381932320722 2.144734001764742 -0.5452946038515858 -0.00490125710839 -0.0657264236161 -0.0826691399667 0.994395207256
6000.0 1.597988643110026 2.1900165801771423 -0.5598243298603744 -0.00433113388342 -0.0718290050465 -0.0919381541868 0.993161221111
6020.0 1.5194561508520505 2.205189146085789 -0.5564806119553245 -0.00500636796069 -0.0690230712124 -0.088091683604 0.993705493192
6040.0 1.435026641271982 2.189121837528364 -0.5376377158569529 -0.00226809536235 -0.058269092329 -0.0740829577842 0.995545721697
6060.0 1.342725965307551 2.166005627161573 -0.5162463446506523 0.00174135753768 -0.0429417723385 -0.0550894262482 0.997556077109
6080.0 1.250978231906926 2.1692066330090825 -0.5115806745628579 0.0019355689292 -0.0382622267667 -0.0391952266612 0.998496865184
6100.0 1.1713641415159277 2.1409356491191227 -0.4849924051089287 0.000737116607672 -0.0358534326982 -0.0185506858726 0.999184597598
6120.0 1.1035503874331922 2.086126356631937 -0.4524735821111589 0.00467930885479 -0.0211629669062 0.00234275357135 0.999762343963
6140.0 1.0264865768109699 2.033531617090656 -0.42077847765489507 0.00941399864536 -0.00981149215678 0.0194774811663 0.999717829679
6160.0 0.9300540301004303 2.022303379169613 -0.41199982493613013 0.0132432316253 -0.00314572688199 0.024912484588 0.999596963446
6180.0 0.8458876112616056 1.9901982332305166 -0.38743288760304284 0.00912883908646 -0.0106560151752 0.0294984406398 0.99946633542
6200.0 0.7944315100515383 1.905511829503181 -0.34009466775013314 0.00706249946486 -0.00918498886953 0.0428634157868 0.999013755995
6220.0 0.7426961817993207 1.816860688052397 -0.30133630416557616 0.00989346459275 -0.00113572803727 0.0583394193474 0.998247134547
6240.0 0.6662037512102543 1.767961658775792 -0.2900245525324805 0.0160166714094 0.00937679883318 0.0650522374994 0.997709250372
6260.0 0.5810020827030299 1.7424961333869313 -0.28440262624114593 0.0191414150455 0.0136915131351 0.0703167430686 0.99724706284
6280.0 0.498882213744247 1.7164920277835416 -0.27347321895505905 0.0175157056933 0.0152099057721 0.0746156295996 0.996942509195
6300.0 0.41211508951572806 1.6915017078904608 -0.2627318639618078 0.0159225603494 0.0119801125225 0.0766027325513 0.996862563417
6320.0 0.3357892046452436 1.6321925524729748 -0.23945838384070736 0.0154887127179 0.00635717652868 0.0754070058049 0.997012271519
6340.0 0.2785296340518094 1.5241038519057948 -0.20967579051921978 0.0193255045535 0.00439132483196 0.0776814174895 0.996781239047
6360.0 0.22470099871489907 1.4180495031360427 -0.18813219242439594 0.0271544189627 0.00826263443056 0.0841739565521 0.996046741595
6380.0 0.14030841970706295 1.3749008581346471 -0.19062070937921013 0.0298694355706 0.0015832910795 0.0767333727092 0.996602879547
6400.0 0.04988934173159399 1.338690179802077 -0.18569247184973459 0.0170976585572 -0.0217239450693 0.0523319053209 0.998247019514
6420.0 -0.04030289583586915 1.287043706701721 -0.17159141066188996 0.0054084222863 -0.0403697891282 0.0177616405073 0.999012288824
6440.0 -0.1246984252405069 1.18948246076486 -0.13760061686972735 0.00978280722058 -0.0392042714974 -0.0113810953903 0.999118507709
6460.0 -0.19905041294765127 1.0775324914233066 -0.08416178824180412 0.012140183609 -0.0310128935513 -0.0218047362878 0.999207370795
6480.0 -0.25457255692747677 0.9674391580246811 -0.01614188268792782 0.00627336816996 -0.0293527509109 -0.0119182836572 0.999478371642
6500.0 -0.29377758431500334 0.8525738666759696 0.03132046879142423 0.00310848220609 -0.0235657179423 0.011808527378 0.999647714426
6520.0 -0.3278887913384045 0.7492684927009717 0.03431815232807309 0.0141692048211 -0.0184396019059 0.035937516049 0.999083434782
6540.0 -0.3607872014854061 0.6569493961496343 0.020222891429844608 0.0330916574427 -0.013664487024 0.0554003562583 0.997822140729
6560.0 -0.4035407213593499 0.578406800425427 -0.005208935200180931 0.0485365067672 -0.00567973925123 0.0685650221429 0.996449088419
6580.0 -0.45496210453915464 0.5095290898508741 -0.01940361042988682 0.0507122818408 -0.00139372911465 0.0765963903257 0.99577071406
6600.0 -0.5033267045993193 0.4356490810152127 -0.009552646321703192 0.0400999428435 0.000625179064252 0.0816322018928 0.995855304424
6620.0 -0.5522070067186108 0.35978609682349794 0.012220116679264113 0.0281064573411 0.00654517309491 0.0836582426495 0.996076546357
6640.0 -0.6039366724849778 0.2755879959205448 0.020132104649493453 0.0219928338327 0.00944669670065 0.0831106790631 0.996252824441
6660.0 -0.6554691769028589 0.18473437929815523 0.01681266481069578 0.0286403143814 0.00730804775133 0.0831807534505 0.996096023025
6680.0 -0.71553714739562 0.1040669873133668 0.01012426082238111 0.0369856918525 0.000829855608285 0.0778793320411 0.996276156283
6700.0 -0.7881955466604352 0.036749190184775266 0.014192049782363896 0.0364695661264 -0.0107542272258 0.0617454386722 0.997367443897
6720.0 -0.8722033024530251 -0.023649671459574324 0.023693195240393556 0.0275481591437 -0.0221077618 0.0365653727548 0.998706823503
6740.0 -0.9539252776666138 -0.07042803610737419 0.02544073559499149 0.0215355389776 -0.0235685457149 0.0197744277679 0.999294609322
6760.0 -1.0294596717001923 -0.13601850050844733 0.03902740336594691 0.0191707454242 -0.0189879802735 0.0197559201768 0.999440664944
6780.0 -1.1122333432757572 -0.21657495128122237 0.046913236327936036 0.0207937502563 -0.0180283544615 0.0259374320223 0.999284668153
6800.0 -1.268907247077789 -0.4010555289629261 0.012416521477368032 0.0430540543645 -0.0262715680726 0.0496933434806 0.997490212848
6820.0 -1.1937729367857732 -0.30913713350019334 0.03592569632813834 0.0285483021291 -0.0245005565114 0.0367786193829 0.998615066145
6840.0 -1.4115908455915103 -0.5329468570883256 -0.034470254401703086 0.0423014071865 -0.0152734417632 0.0646596862145 0.996893393451
6860.0 -1.3406660646829789 -0.4776778151945645 -0.013317142000162959 0.0489499185044 -0.023460640049 0.0601357806548 0.99671319432
6880.0 -1.4782382785651114 -0.5811805389969724 -0.0533029121700228 0.031595092618 -0.00440840057794 0.0694473185221 0.997075416444
6900.0 -1.5449467112231425 -0.6265115161403494 -0.06814197931626341 0.0211592436135 0.000682374214817 0.0731801765992 0.997094018901
6920.0 -1.6123990569268634 -0.6772126441715947 -0.09055989078632837 0.0173333923901 0.00184546009472 0.077050823651 0.996874775666
6940.0 -1.677261910692672 -0.7401064268971805 -0.11139614446892035 0.0208920534352 -0.000614510063363 0.0808099374957 0.996510360449
6960.0 -1.7506914727107639 -0.8162878947451979 -0.132256962059784 0.0277304416549 -0.00317738651178 0.0796045723489 0.996435667207
6980.0 -1.83335449564697 -0.8779250857629155 -0.16019971285977233 0.0350566837762 -0.00564680116842 0.0732760651211 0.996679367118
7000.0 -1.915319311967554 -0.9164510158167928 -0.18043772826159427 0.0340493594352 -0.00880175957137 0.0658895567409 0.997206967717
7020.0 -1.993600541461565 -0.9562781631014219 -0.17324062245242214 0.0236311753006 -0.0106352862659 0.0603421914186 0.997841309114
7040.0 -2.0698860756996944 -1.020436699217733 -0.15059207429849109 0.016134417874 -0.00234854604395 0.0581306026071 0.998175835177
7060.0 -2.1523398547610406 -1.096306348613984 -0.1232118763130127 0.0152656987861 0.00241171358566 0.056531677997 0.998281178557
7080.0 -2.2416186093154695 -1.1802237359528138 -0.10186265246279766 0.0170997002946 -0.00336185082225 0.0555599309988 0.998303256669
7100.0 -2.3313105889770327 -1.2672646297351025 -0.0867597981046098 0.0210237861961 -0.0138353419751 0.0541167442113 0.998217392016
7120.0 -2.4141659282987424 -1.3575338174543268 -0.07215754193343228 0.0281684910992 -0.0149636126205 0.0537337350183 0.99804574651
7140.0 -2.496132852402917 -1.4472579133193013 -0.06276507423495838 0.0315035015301 -0.0147925517683 0.0536280463721 0.997954278735
7160.0 -2.5814113881276173 -1.5337261409738043 -0.04826337903060195 0.029972216169 -0.019479456568 0.0494215123355 0.998138132298
7180.0 -2.6602324945560643 -1.6204350062091648 -0.02643315290780754 0.0292772567951 -0.0214173684159 0.0484686366817 0.998165782735
7200.0 -2.836565177580147 -1.7000337373639285 -0.01800425336564448 0.0311239604516 -0.00497455763584 0.0541818064715 0.998033508811
7220.0 -2.7463359659716704 -1.6716934662475897 -0.018127683611440668 0.0323613805768 -0.0117550068228 0.0505398593236 0.998128390279
7240.0 -2.9258128222553803 -1.7170194592705728 -0.025766536059690495 0.0228024492344 -0.00809361339635 0.0613783376446 0.997821247218
7260.0 -3.0061955410878616 -1.7450426356985742 -0.021222804520077493 0.0142993293399 -0.0111419111378 0.0679071108213 0.997526947654
7280.0 -3.086907490141031 -1.7945379854079433 -0.008289184816142943 0.0151497045618 -0.00780950805519 0.0693628789622 0.997445882771
7300.0 -3.174144003128342 -1.8553316436347354 0.008151565256204179 0.0213036024151 -0.00181353452952 0.0639810998432 0.997722048709
7320.0 -3.2758177643217956 -1.9038858899317652 0.020893876242275695 0.0242530443429 -0.000655943077069 0.0570601372899 0.998075899073
7340.0 -3.382699707014781 -1.9521690446407745 0.04075576307476061 0.0227333391712 -0.00606556882871 0.0485327995399 0.99854442642
7360.0 -3.4820137462881444 -2.0166287202464854 0.07226306612756975 0.0187720815279 -0.0110810931674 0.0423143209246 0.998866515894
7380.0 -3.5653508730244297 -2.0992630140504738 0.11367863583603509 0.0184227345316 -0.00967303984309 0.0441675853372 0.998807418654
7400.0 -3.6368814826906997 -2.1835605172898744 0.16083531837766787 0.0198104086746 0.000992313444586 0.0532040498241 0.998386644594
7420.0 -3.7002310594291337 -2.2642302304130615 0.22049249838585647 0.0232638521368 0.00805664339995 0.0622120567478 0.997759261383
7440.0 -3.7693918920940925 -2.334978954927418 0.279794886051908 0.0262933960447 0.00872248616575 0.0660195181153 0.997433706462
7460.0 -3.8444632837568955 -2.40157852452104 0.3510308028057358 0.0250585907014 0.00193858727092 0.06221166659 0.997746469526
7480.0 -3.9160720856669706 -2.469059632910484 0.423241373152872 0.0239486480358 -0.00635487346433 0.0560593707044 0.998119945095
7500.0 -3.978349802453585 -2.545241882421395 0.4995410174989903 0.0230308352313 -0.0108478011255 0.0517967626988 0.998333111348
7520.0 -4.038000662262998 -2.6398353753918093 0.5560224632248854 0.0204537616666 -0.0098762341708 0.0505334092051 0.998464059537
7540.0 -4.093262803122452 -2.748948938941744 0.6072900409026645 0.02086402321 -0.0092118349938 0.0529460072206 0.998336894516
7560.0 -4.139270918845361 -2.857732215937602 0.6577060140522648 0.0253653433699 -0.0067320780827 0.0612347153821 0.997778326139
7580.0 -4.1773457447915066 -2.9592564792997815 0.7149351893772384 0.0306016721614 0.00231258922535 0.0759615350636 0.996638367104
7600.0 -4.226399960797249 -3.048526938338621 0.7782003987010283 0.0314661764844 0.00998201147807 0.0812818913427 0.996144313503
7620.0 -4.2839861577389335 -3.135612595862028 0.8443037164227185 0.0288541395451 0.0114914884307 0.078378614836 0.996439750844
7640.0 -4.343232606751791 -3.2071682587054124 0.9079184607279279 0.0277988986703 0.00748999085631 0.0767857626176 0.996631861787
7660.0 -4.400659276588281 -3.2494583583604073 0.9579402499419613 0.030837825657 0.0054391359111 0.0776359451788 0.996489891733
7680.0 -4.452672894297633 -3.2666325371967013 0.9992212070362646 0.0337145095346 0.00842597789224 0.0808336629718 0.996121605866
7700.0 -4.4998338645359155 -3.261002137327425 1.0400191711190057 0.0312371560862 0.0124737862336 0.0870702813918 0.995634175204
7720.0 -4.5448005396903755 -3.2294443129332255 1.0718946518026726 0.0265780945165 0.0176783565782 0.0995294590601 0.994522482089
7740.0 -4.592823469973042 -3.174345327680205 1.0907347655822872 0.0238722635046 0.0242894560967 0.115709765825 0.992699041729
7760.0 -4.7284310621957495 -3.0600328613523393 1.1592687658766838 0.016278323763 0.0133664277685 0.119622975226 0.992595939233
7780.0 -4.655043053598833 -3.1106550633227408 1.1183576866000013 0.0208231510022 0.0195873990638 0.124209946852 0.99184404988
7800.0 -4.874936371044671 -3.0753018002871477 1.3004725819318734 0.018531538668 0.00642156487467 0.0924787222188 0.99552148722
7820.0 -4.804100716835933 -3.044196158613435 1.2225228256247729 0.0134473306069 0.00723525019333 0.105201152919 0.99433371555
7840.0 -5.006739937189546 -3.1946599368745554 1.4855414221091043 0.0305818443388 0.00503720912529 0.0742648958629 0.996756792083
7860.0 -4.944090766600701 -3.1312113425906873 1.3918979149452575 0.0251060537925 0.0048642286001 0.0805582443704 0.99642179553
7880.0 -5.062194779349938 -3.2684515900092417 1.579588569021186 0.0332840421176 0.00647726402344 0.075034106589 0.996604284779
7900.0 -5.114391723968324 -3.3575636052207583 1.671826661289423 0.032902897849 0.0119911284259 0.0817126076418 0.996040492101
7920.0 -5.186770839111232 -3.426941673234314 1.7368948276044487 0.033818355268 0.0237317358989 0.0883752598343 0.995230092495
7940.0 -5.273618183236077 -3.4866373112671685 1.7926977921075546 0.0331544315571 0.0286144844377 0.0949037221675 0.994522638489
7960.0 -5.368026339498664 -3.5557544450264933 1.848489821365335 0.029917347527 0.0310925870436 0.0972867256303 0.994320620506
7980.0 -5.46262198343876 -3.6379772386250493 1.9143349609228233 0.0277318375304 0.0302354816372 0.0971286712339 0.994425855487
8000.0 -5.55808916946425 -3.733111184973238 1.9877501512038815 0.0314623889353 0.0298215156923 0.0945258166077 0.994578134326
8020.0 -5.652618919617368 -3.834078260748787 2.0764543660458537 0.0354261530453 0.0255585135724 0.0915025799194 0.994846233311
8040.0 -5.754490415886794 -3.9153666648068404 2.1655373785597294 0.0384353717594 0.0115318187383 0.0850841888168 0.995565377144
8060.0 -5.863084172020574 -3.987279266417336 2.2436230872683214 0.0386084204552 -0.00269513171073 0.0760750044178 0.996350701228
8080.0 -5.968083765634327 -4.086688440675454 2.3248865577404825 0.0379498688253 -0.00868591081735 0.0658516799394 0.9970696659
8100.0 -6.073914534740458 -4.202543300647036 2.4084850173862455 0.0347206695304 -0.00297092804648 0.0586908609675 0.997667796179
8120.0 -6.18092217551439 -4.322708729601118 2.4933905926118274 0.0281981162798 0.0071756978279 0.0584418548289 0.99786668709
8140.0 -6.286746637511358 -4.444629705578937 2.5798977424665535 0.0236908045024 0.0181035915657 0.0650035940131 0.997439491157
8160.0 -6.388944430946132 -4.574920247244095 2.663962682505959 0.0227757395093 0.0275849207489 0.0758218699047 0.996479493959
8180.0 -6.483359274938789 -4.70515627115203 2.746324284535447 0.0217202445056 0.0330281365763 0.0876526628569 0.995366457073
8200.0 -6.534127681546843 -4.80198398104141 2.8037214355684026 0.0183005484051 0.0157837910006 0.101621864333 0.994529516183
8220.0 -6.591714821144028 -4.876168516306555 2.8426237455861734 0.016214083142 -0.0206687730355 0.0861023679574 0.995939901581
8240.0 -6.650346856344098 -4.939855392656325 2.8543533945851585 0.0190905698645 -0.0415543638868 0.0487197273674 0.997765089162
8260.0 -6.700960326977939 -4.94332460561418 2.822449562789382 0.0221111325991 -0.0603322947103 -0.00234287432619 0.997930670423
8280.0 -6.715649446593653 -4.850030613397313 2.744222319842269 0.0180863926885 -0.0822066097306 -0.0451626995848 0.995427187836
8300.0 -6.726899623570624 -4.76573840239394 2.6885231890702315 0.00241714619809 -0.103754995298 -0.0901921245613 0.990502114597
8320.0 -6.753707872554896 -4.7083368368140235 2.655984012830392 -0.0161020117323 -0.131231284613 -0.148393028391 0.980050296812
8340.0 -6.786005606478266 -4.652965397470546 2.622859175630224 -0.0295991462122 -0.160253337585 -0.219210666282 0.961971643098
8360.0 -6.814746550439668 -4.587128404136953 2.5898278525985434 -0.0407287806168 -0.193482838333 -0.296441157999 0.934359779498
8380.0 -6.833080927861687 -4.5098219141602485 2.5559642357848413 -0.0510052226139 -0.22826782222 -0.37451589404 0.897234703807
8400.0 -6.835592454563722 -4.422146466387863 2.521467352115188 -0.0593734311071 -0.261591935399 -0.450558915761 0.851493463534
8420.0 -6.818422586349497 -4.328298061625169 2.49335265528994 -0.0754932862999 -0.295054172799 -0.520631146916 0.797613319659
8440.0 -6.787097225886148 -4.23171027198337 2.4652641395506545 -0.0949807221469 -0.325158869318 -0.58690873881 0.735383236438
8460.0 -6.74159660103471 -4.138317451541506 2.4237205488562013 -0.10686913043 -0.351542574532 -0.651014558888 0.664211450796
8480.0 -6.677245695793154 -4.04851406436812 2.375026505343356 -0.111975450268 -0.377780038071 -0.709512645805 0.584239289003
8500.0 -6.596284367681594 -3.9665342084244966 2.319605927934532 -0.114930804216 -0.402474884438 -0.760233571182 0.496839808074
8520.0 -6.498261660368201 -3.8893855983006236 2.2643313041809976 -0.122048441355 -0.423752492855 -0.80230540575 0.402298444773
8540.0 -6.386653380810491 -3.827644450765808 2.2120705435778043 -0.128298480301 -0.438773693291 -0.834981013194 0.306306796583
8560.0 -6.271482247725514 -3.7838140274829257 2.162646580115428 -0.131682038997 -0.447739265147 -0.85850949735 0.212487256117
8580.0 -6.178892324836784 -3.7357644999866104 2.108014316632585 -0.126503767301 -0.451816871885 -0.869875469431 0.152233303917
8600.0 -6.082474786618642 -3.6116812611242097 2.022704971030208 -0.114444682067 -0.456473355806 -0.874930759983 0.114151896265
8620.0 -5.956261111789803 -3.4479980587528707 1.9345697944502627 -0.112985070645 -0.447889113088 -0.884355660961 0.0674149917612
8640.0 -5.800378771656388 -3.279913712239356 1.8449772747507502 -0.124951640997 -0.437284556069 -0.890550146656 0.00947315819003
8660.0 -5.6203921878684096 -3.1205581592437865 1.7593659315842587 0.119362025132 0.436568915889 0.890580813441 0.0450122579636
8680.0 -5.42965284931444 -2.9687041474161298 1.6737470092721973 0.10803931227 0.443339670269 0.886152356498 0.0806935241748
8700.0 -5.228876991639105 -2.8244533172280475 1.5982207584483175 0.107908840252 0.44875381114 0.881023957361 0.103790585987
8720.0 -5.020822969720314 -2.6945278655039746 1.5268455214334613 0.116214586353 0.449327254896 0.877020303232 0.124235967598
8740.0 -4.813106893077025 -2.579889300910268 1.4576691033926101 0.12278591009 0.451479194111 0.872902034541 0.138319180384
8760.0 -4.6021080797720675 -2.483734563406928 1.3865867191934755 0.12369599195 0.4561850717 0.868004239796 0.15219435479
8780.0 -4.393766436788973 -2.4055251190693494 1.2998440659446004 0.124449070634 0.457870761984 0.865039708697 0.163012565516
8800.0 -4.18245211976431 -2.331953008728938 1.2095039334598365 0.127255124134 0.45762465569 0.862684702469 0.17366897251
8820.0 -3.9736787113822327 -2.2753961058261507 1.0974176805297786 0.132433577901 0.45876717798 0.858549484888 0.186780100257
8840.0 -3.7732834891021603 -2.2303668003243504 0.9711089028823315 0.147814507062 0.46529017076 0.848972722476 0.202240562173
8860.0 -3.5843123040172933 -2.1975561094119374 0.8314525053839128 0.16233159596 0.475581634034 0.837955440505 0.21284088435
8880.0 -3.40902931757027 -2.166548412895962 0.6902485403848726 0.164384928134 0.486684114582 0.830252353631 0.216326598702
8900.0 -3.2377877829033883 -2.128917095941955 0.5535820952709215 0.156133216112 0.490114923568 0.830100489888 0.215274144317
8920.0 -3.0670466508095227 -2.0807281566135094 0.4203482698556629 0.146373063942 0.483368314808 0.836070898363 0.214278910074
8940.0 -2.89595267378393 -2.031341662436403 0.28886397193447544 0.145028984296 0.472880503631 0.841305296147 0.218073431839
8960.0 -2.5388194580204844 -1.9431972195234322 0.021803455240588642 0.140873182557 0.464253086792 0.840898315799 0.239820433504
8980.0 -2.721305990343616 -1.987258782510877 0.153726369380665 0.144709773337 0.465488408381 0.843119888825 0.226998846321
9000.0 -2.3349019031282015 -1.892950918880449 -0.09756373172116094 0.138769410739 0.459624542723 0.838627977382 0.257276982884
9020.0 -2.1138657255227877 -1.8459365481087882 -0.22040829179792745 0.139183595838 0.455631856391 0.833528420511 0.27974615331
9040.0 -1.6257973644880213 -1.7496669817598607 -0.428762920607098 0.136913631606 0.451540395001 0.820169687504 0.32355465205
9060.0 -1.8772824928450749 -1.7933240294773358 -0.33058343828636993 0.13862550698 0.455671113904 0.826390115809 0.300376732225
9080.0 -1.367541097946604 -1.7075118766608022 -0.5069166963089035 0.133849784446 0.445407936925 0.814706079682 0.346337997709
9100.0 -1.1077832319997993 -1.6702364703425878 -0.5659138643565365 0.127611257431 0.438290199692 0.808119279992 0.372236883094
9120.0 -0.8586001322071283 -1.6372813662928507 -0.5881580105651885 0.128152038754 0.43441377416 0.794826647732 0.403871672489
9140.0 -0.625894557581805 -1.6002824559915463 -0.5700971034874329 0.13461090441 0.437695429285 0.777047895682 0.431855512195
9160.0 -0.39850007229495304 -1.5562025415510627 -0.5183401407883914 0.143516930216 0.438893690196 0.76486685699 0.449170246706
9180.0 -0.1872361761431456 -1.4998839266542716 -0.43967829486327076 0.154827403408 0.434486827068 0.758776278742 0.459900240352
9200.0 0.017433041430601263 -1.4401952866411416 -0.3430880258542119 0.160110416463 0.434643107645 0.757280067505 0.460409516492
9220.0 0.19908368386257977 -1.3667968659553114 -0.24490289306160787 0.162060027998 0.438182111645 0.761630038954 0.4490575332
9240.0 0.39319802203407545 -1.2942913251809498 -0.17120360286232503 0.154690334948 0.444238456608 0.770586371744 0.430022950116
9260.0 0.5819171914814735 -1.220226215083266 -0.09477699661036525 0.149402732968 0.450110642972 0.780431035987 0.407439112669
9280.0 0.7537545382067126 -1.1282874238639784 -0.03293536218357741 0.143928864231 0.461057455462 0.793255292891 0.370751325157
9300.0 0.9260422892738334 -1.0280435914147967 -0.001178011997486461 0.135656632678 0.471845670184 0.810970527798 0.31825421377
9320.0 1.0900744923927068 -0.9107961384230654 0.0014121375390517082 0.132238168863 0.479033930355 0.829455355798 0.255036022951
9340.0 1.2333540162961656 -0.7697076455711204 -0.016701422654107036 0.127023154419 0.484332656908 0.846217263035 0.18221783512
9360.0 1.336951851063406 -0.6136972041056534 -0.039645068334818616 0.121841115434 0.486098334579 0.86039944314 0.0926064250165
9380.0 1.4224280017524273 -0.4416725588173125 -0.05494350254798099 0.11676161998 0.48534375396 0.866391775879 0.0131702422611
9400.0 1.5019545577247029 -0.26499619753606807 -0.07651773982478159 -0.114337349372 -0.483423363518 -0.866646270132 0.0464011272568
9420.0 1.583784116773964 -0.0715221804992285 -0.10847842429532453 -0.120092666083 -0.479147947407 -0.86627333523 0.0746023104111
9440.0 1.6755642788390006 0.13649662365946988 -0.1576049224072598 -0.122573778494 -0.475573941969 -0.866896683735 0.0854121436039
9460.0 1.769227426683782 0.3536214005470511 -0.22406144246036325 -0.125641098159 -0.473967728695 -0.867011823705 0.0886532806221
9480.0 1.8799723726038196 0.5526061576018128 -0.29178956262543343 -0.12869120691 -0.475356770767 -0.866545281818 0.0810789017512
9500.0 2.014187571487196 0.7425707250066095 -0.3712062186670988 -0.135989772374 -0.474805640646 -0.867975222651 0.0518208286793
9520.0 2.170331521025424 0.9191556815124019 -0.4495523463093507 -0.140538885882 -0.476114417484 -0.868034597976 0.00893418914624
9540.0 2.3502815522425484 1.0862382904937875 -0.5286094030879193 0.141321208776 0.475075484038 0.867340411075 0.0453013436165
9560.0 2.557712318718889 1.240180877001252 -0.6084839812815491 0.13780262171 0.469776891234 0.865426514771 0.10656949584
9580.0 2.765663628714824 1.390387697588204 -0.6846022016746613 0.124755569481 0.468759434415 0.862934304319 0.141580461078
9600.0 2.968603724061761 1.5463819069152298 -0.7573783647107294 0.117043496054 0.468023873833 0.86352964568 0.146870775127
9620.0 3.161656150661708 1.709886529770454 -0.8244535972141482 0.120673660208 0.464636244162 0.866894464281 0.134331739148
9640.0 3.3423923329817 1.8829777120800857 -0.8907994645139763 0.123199765723 0.464217005137 0.870263006343 0.109392365632
9660.0 3.527322439656134 2.0479589196390715 -0.9588071633841433 0.123323809469 0.468074172228 0.869872857511 0.0949685162401
9680.0 3.7174345052303712 2.2106812740056223 -1.025996746580979 0.126771123431 0.470518101421 0.867780310513 0.0974634864261
9700.0 3.912948826756873 2.372376244394675 -1.0918694618635802 0.1279624682 0.47244123645 0.865423337024 0.107085631942
9720.0 4.1130718374869595 2.535690082017348 -1.1528881579722192 0.128447052642 0.470520153143 0.864593909421 0.120787052061
9740.0 4.318230444504797 2.698051736011946 -1.2163978687703985 0.127482148172 0.471014696952 0.862328103778 0.135217227407
9760.0 4.5272944205055135 2.856781792958825 -1.280950948053492 0.128866582269 0.472843410602 0.85864646818 0.150129130103
9780.0 4.707054828808669 3.005093241336943 -1.3391086260514082 0.127254529445 0.47880242035 0.857069221884 0.141374947933
9800.0 4.800910954583508 3.1225604314014923 -1.3694425724838646 0.130086819899 0.486254284388 0.859975994922 0.0841158627159
9820.0 4.840735300123667 3.216266866372265 -1.3627425573628575 0.139858651308 0.486086601496 0.862645308763 0.00156357581944
9840.0 4.852781648473633 3.2840065077863407 -1.3298303065580357 -0.143127594917 -0.474973153421 -0.862661243142 0.098643675333
9860.0 4.8520447759648295 3.319293604486307 -1.2721378620075643 -0.138496039808 -0.45667785789 -0.854176841239 0.206509333839
9880.0 4.847176761122005 3.325901343694292 -1.2019112477407643 -0.130312367114 -0.436139918785 -0.832250558607 0.316480119309
9900.0 4.844147147624371 3.308903802779376 -1.1260146663021982 -0.123560136597 -0.414513922742 -0.793019469996 0.428988602069
9920.0 4.852692635384832 3.2721033942676985 -1.0450991608164424 -0.116559833164 -0.389875575403 -0.737334471484 0.539211199956
9940.0 4.883085345430822 3.243915207505715 -0.9690929230459839 -0.122726781034 -0.371359088494 -0.683511305258 0.616313929904
9960.0 4.888230934578212 3.2556177185150355 -0.9186088202525674 -0.110947451515 -0.352737509134 -0.635999983795 0.677326312249
9980.0 4.869790601219413 3.2932403893942404 -0.8926367174222072 -0.0878881776415 -0.322778700517 -0.593553771577 0.73197233484
10000.0 4.8293912389531455 3.3394008370155692 -0.8697692781183985 -0.0729782569548 -0.290332013627 -0.548953473229 0.780404754025
10020.0 4.763290713390165 3.3857976831979046 -0.8519111134073892 -0.0668966878322 -0.262050947921 -0.501886572816 0.821561928206
10040.0 4.697026120121949 3.4476889271756574 -0.8542224093269215 -0.0602396088528 -0.243918111077 -0.462255551189 0.850408695868
10060.0 4.627662862556175 3.516623520539917 -0.8670635662169945 -0.0578994578168 -0.236538432145 -0.431558561882 0.868593363185
10080.0 4.569040207059309 3.5816819014861117 -0.8920174068030596 -0.053660776475 -0.227190294186 -0.404128223885 0.884412499886
10100.0 4.574336007491459 3.641988395228657 -0.931829071879462 -0.0517462491501 -0.209751479832 -0.364160443777 0.9059325657
10120.0 4.621188697338606 3.70240483029651 -0.9787812788486883 -0.0558181187548 -0.188792583377 -0.312324287164 0.92935205263
10140.0 4.672885627965143 3.7659329153769554 -1.0143653602310807 -0.0567033122537 -0.164523574559 -0.261333970353 0.949432084845
10160.0 4.729254156979192 3.838268879092918 -1.047768585667869 -0.0529873147281 -0.131015107842 -0.213845296696 0.966590696767
10180.0 4.782547303855093 3.920915347360956 -1.0909343357339936 -0.0406538597739 -0.0992626977148 -0.169239364612 0.979720479521
10200.0 4.8271563348830036 4.016087781439634 -1.1270044559046033 -0.0327788551193 -0.0889281036588 -0.127630501152 0.987283036526
10220.0 4.848459065650444 4.113446832240934 -1.1545546875778436 -0.0254901843927 -0.0829869977999 -0.0960420985488 0.991584249573
10240.0 4.848676223804572 4.2106544118822065 -1.1775568694157101 -0.0175833188357 -0.0645271829288 -0.0719627771046 0.995162513499
10260.0 4.823775619576985 4.294746222981635 -1.1930649296687956 -0.0112740235594 -0.0413485722137 -0.0530320166009 0.997672690407
10280.0 4.785471095402535 4.3588087196549035 -1.2040666336617998 -0.00245959834009 -0.0129719417162 -0.0281027569487 0.999517840839
10300.0 4.742862493604701 4.394456412574493 -1.1971495994557775 -0.000277252368789 4.61416591605e-05 -6.08319169683e-05 0.999999958651
10320.0 4.7278877163934165 4.4090126001848455 -1.1870422381278107 -0.00653934220289 -0.0107935896313 0.0280966619273 0.999525543953
10340.0 4.724128542576148 4.413926941943397 -1.1927443497813153 -0.0053741898536 -0.0146156198061 0.0492070132072 0.998667197615
10360.0 4.724529726898112 4.413488186177244 -1.2136830175068223 0.0035374767952 0.000262948070401 0.0606598253074 0.998152194162
10380.0 4.728340966805716 4.419659104016132 -1.243033456991311 0.0116231960946 0.0189855007663 0.0731565902116 0.997071996087
10400.0 4.710328022588464 4.461034579794353 -1.2835531634700055 0.0162492277494 0.0266150588804 0.0861494910266 0.995794088371
10420.0 4.668469902590581 4.506412281324698 -1.3158440640761442 0.0121551075997 0.0186589719211 0.0876015739718 0.995906652435
10440.0 4.6070928644398 4.550366532147485 -1.3405501940599103 0.00167515875121 0.0131310497026 0.0748321262479 0.997108280107
10460.0 4.530967295348682 4.5892421847345695 -1.364028168209317 -0.00473422836543 0.00736067719395 0.0524587306975 0.998584743067
10480.0 4.467389874373668 4.620835055685043 -1.3877940248406888 0.00602927639934 0.0117502962365 0.0446673815713 0.998914612661
10500.0 4.411709897997549 4.646148465226346 -1.403770581467118 0.0180547251318 0.0192523877329 0.0535585885476 0.998215833405
10520.0 4.289017086998959 4.689829054152883 -1.411515013371246 0.0218963004453 0.0341084743248 0.0912876430299 0.994999361927
10540.0 4.355988346299501 4.6705203902661525 -1.4096570765276024 0.0228746122079 0.0267901376158 0.0731891999672 0.996695731731
10560.0 4.208069506713854 4.696609059613667 -1.403127987472447 0.0187779887864 0.0404610151677 0.101679008756 0.993816719807
10580.0 4.117006285987346 4.68595465853406 -1.3889281427066387 0.0150097752624 0.0425817370495 0.104999925499 0.993446786678
10600.0 3.9105617256311267 4.631955701119817 -1.3559015559502694 0.0152409579608 0.0367212564024 0.0992603948637 0.99426688396
10620.0 4.0145577850001235 4.661512377104418 -1.371174402503858 0.0134067552839 0.0390400446801 0.102015937675 0.99392599437
10640.0 3.7292215236465704 4.598530469699361 -1.3559777225951661 0.0204304458472 0.0317423155341 0.116731033721 0.992445911903
10660.0 3.8153412632144468 4.609902080144185 -1.3524650446295778 0.0198963455383 0.041354401047 0.106502392993 0.993252832483
10680.0 3.6505956900581213 4.597728650500776 -1.370335288503583 0.0147063269036 0.0132628188163 0.119231845778 0.992668921916
10700.0 3.579985738173587 4.603849518255787 -1.3838923028215078 0.00867202617626 0.00287757325639 0.107762186118 0.99413471259
10720.0 3.516846167501706 4.60039793157784 -1.3833406846084122 0.00277719556367 -0.00765694506167 0.0758735519498 0.997084180243
10740.0 3.4554272256247294 4.589723398261117 -1.3778720908203657 -0.00292055408146 -0.0216659208912 0.0334384439326 0.999201645667
10760.0 3.417713750571133 4.581935947552013 -1.3762634480944393 -0.00504164961481 -0.0291078564751 0.00715319992638 0.999537966358
10780.0 3.4005738335832523 4.579804353574898 -1.377057342859407 -0.00485127011606 -0.0371949556801 -0.00493994743566 0.999284042387
10800.0 3.3950555733825545 4.585377652080404 -1.3794209615749973 -0.00262978147776 -0.0457970947663 -0.0109298489474 0.998887505559
10820.0 3.379830003771799 4.623675899488334 -1.4137556172160468 0.0123756256599 -0.0267529491385 -0.00569751548988 0.999549229362
10840.0 3.354066450019257 4.695099665842659 -1.4516831636082896 0.0244017641765 -0.00736723452688 0.0179637935216 0.999513671684
10860.0 3.3009052444239377 4.764303785887803 -1.4630654985053628 0.0162311882997 0.000402291937117 0.0331551561784 0.999318328815
10880.0 3.2104856705604345 4.8092085634537165 -1.4535152608277413 0.000158951342033 -0.00015024891947 0.0284025415192 0.999596542509
10900.0 3.0919056380943855 4.825970508108334 -1.440757534264979 -0.00493894121516 -0.00293007506615 0.0103109104896 0.999930350897
10920.0 2.9559388250113168 4.828900661831218 -1.4253598621152384 -0.0028480820287 -0.0131920625734 -0.0124237334476 0.999831740225
10940.0 2.8247524614197097 4.816263312041697 -1.4127175027124184 -0.00214065257749 -0.0270544540743 -0.0306139713899 0.999162778969
10960.0 2.7461932837296574 4.784612210948995 -1.4023824174214023 -0.0112451504461 -0.0534998041022 -0.0317490362912 0.997999657438
10980.0 2.685806788275533 4.722428966358372 -1.380067988753007 -0.0060209754751 -0.0578976955299 -0.0273576716221 0.997929437641
11000.0 2.6545821212401655 4.644636019290406 -1.3569997175692896 0.00250415800707 -0.032311074205 -0.00575103444766 0.999458177854
11020.0 2.650324651362505 4.558845856970482 -1.3255769591312276 0.00860653528111 -0.00102850886496 0.0321223938095 0.999446357508
11040.0 2.6715492518423956 4.473058961903094 -1.2874467581759295 0.00894307482811 0.0240829305678 0.0836065516441 0.996167645725
11060.0 2.706425437637094 4.385830347368178 -1.2498301302563166 0.0106749772108 0.0451246019952 0.135929399232 0.989632767031
11080.0 2.7317416596926325 4.285480813333308 -1.2061900681996482 0.0148024225522 0.0620520663329 0.172678852906 0.982910190765
11100.0 2.7301704941453444 4.186096325210668 -1.1794713007996818 0.0223504201698 0.0769718616476 0.191811607889 0.978153412462
11120.0 2.7093247371322735 4.1341040829172195 -1.1914244744669142 0.033791125203 0.0832891271411 0.201334632906 0.975389894735
11140.0 2.6882108214527345 4.127019135893294 -1.221813062292163 0.0390239394392 0.0793169995891 0.20997158583 0.973703178012
11160.0 2.649943895974663 4.155031796695468 -1.2566868993561897 0.0232465364866 0.0694927563738 0.21704898123 0.973406438801
11180.0 2.6682035231967003 4.146248130272232 -1.2429323479574097 0.0329845054086 0.0739890238719 0.220079789063 0.972112407695
11200.0 2.62713581654677 4.146125676325616 -1.2682587465236095 0.017306793456 0.0601583256621 0.197384579424 0.978325497245
11220.0 2.5933739382430416 4.120563724061766 -1.277777783204468 0.0172360751519 0.0427582032749 0.15858516151 0.986268422041
11240.0 2.5519766218886977 4.086532303450959 -1.2821311967638942 0.0162550739992 0.0206889166351 0.10891630615 0.99370266154
11260.0 2.5075245885293453 4.059227317881724 -1.2814421650493322 0.00739173961443 -0.00994100347489 0.0514331783271 0.998599602845
11280.0 2.4753341589842925 4.040907960536623 -1.28422746725861 -0.00314380940493 -0.0324760326408 0.00214984580982 0.99946525799
11300.0 2.471178586032499 4.0304829907423 -1.2939801665478998 -0.0055839185014 -0.0423168560596 -0.0274394313388 0.998711760797
11320.0 2.46227653093474 4.001046837999751 -1.2879341125652581 0.000925294662467 -0.04763419843 -0.0473622061716 0.997740922483
11340.0 2.4458900197983584 3.9502676009408733 -1.2598111830047956 0.00578960008192 -0.0484029828805 -0.0583357439946 0.997106099045
11360.0 2.4260459046417626 3.902439443045261 -1.2163388422608685 0.00185360838642 -0.0528365033146 -0.0596129887241 0.996820525285
