0.0 1.7124489574365243 0.5446905473348386 -0.33609049783248846 -0.110434796321 -0.347134892355 -0.642205156059 0.674443518615
20.0 1.5887040118800213 0.5700128409027854 -0.3271757456508643 -0.0917491452695 -0.323954515747 -0.591606291691 0.732555500765
40.0 1.6370661166686522 0.5712408957655415 -0.33434003478657337 -0.105754892553 -0.340882639905 -0.62291057186 0.696130266529
60.0 1.580846233663086 0.5370692903203398 -0.30494918353201544 -0.0789833053284 -0.297835220396 -0.539224008126 0.783768644456
80.0 1.603057790821816 0.4939400405343622 -0.27303751531060805 -0.0709564170524 -0.26528057331 -0.474552569591 0.836296157469
100.0 1.6457136145238596 0.4519936358887087 -0.23903922281634618 -0.0616732475666 -0.224216893502 -0.405012296332 0.884244443026
120.0 1.691291312468229 0.41785611913258214 -0.2032068344738708 -0.0534390226954 -0.180136389734 -0.337762933433 0.922285938712
140.0 1.7354775480558435 0.39330318186467134 -0.17058146388342524 -0.0446409652594 -0.140431856579 -0.275004717859 0.950083408461
160.0 1.7839828573959389 0.3794353474812058 -0.14536074943681593 -0.0384713218512 -0.118069223661 -0.223023483379 0.966871315988
180.0 1.8391941340063147 0.3711398901771578 -0.12838683289668085 -0.0324002477933 -0.105723939079 -0.180650896614 0.97731158092
200.0 1.896751223700937 0.365883225459575 -0.122492971901118 -0.0219270135344 -0.0880612283113 -0.146097802908 0.985098907791
220.0 1.9572707188499034 0.3844639823224796 -0.14321149853451912 -0.00379977937248 -0.0529768606055 -0.103556670033 0.993204425085
240.0 2.0182634047414507 0.4384100563823899 -0.1795434924209447 0.00174162772729 -0.034496011318 -0.0639610385851 0.997354489376
260.0 2.0735179398747503 0.5297967083064161 -0.2319303940307773 -0.00472063510258 -0.0316785251134 -0.0424890271721 0.998583431277
280.0 2.131446211443793 0.6403709297849528 -0.29488067863475126 -0.00503345036661 -0.0178290452814 -0.0164903894916 0.999692380973
300.0 2.1490451792592538 0.7455756977555871 -0.3540217212244543 -0.00278104655046 0.00126172739421 -0.00662976046478 0.999973359695
320.0 2.1130035487453904 0.8296474116542061 -0.38052117299679866 -0.00964803019597 -0.0184074942914 -0.0327191337692 0.99924848659
340.0 2.043173518082479 0.9007329931591904 -0.4012037555181328 -0.0091816697391 -0.0480707534233 -0.0864182477419 0.995056172316
360.0 1.983744713566445 0.9755772418869362 -0.4288872686523273 -0.000373331397262 -0.0668924748308 -0.132439505584 0.988931258883
380.0 1.9748357071308065 1.0517663536088606 -0.4595412299512867 0.00893268791718 -0.0572799313352 -0.133824457765 0.989307955622
400.0 1.9852869181673118 1.1263759889858822 -0.4800978981420175 0.00540957895494 -0.0452224181924 -0.114569613986 0.992370632828
420.0 1.9644089568366712 1.1774884417975946 -0.4772256005898019 -0.00976459782856 -0.0450096444516 -0.106719729432 0.993221870422
440.0 1.9164216659552673 1.1896183170659518 -0.4565412020026814 -0.0184212481042 -0.0477842336314 -0.110688597182 0.992534815051
460.0 1.8960143508270582 1.1855340743633929 -0.4357644926370962 -0.0228000728555 -0.0600765280439 -0.109832525144 0.991870850402
480.0 1.910766503584453 1.1848957257595774 -0.4311126943851517 -0.0167804944332 -0.062840704078 -0.094881466577 0.993361448929
500.0 1.9533663532585877 1.1924760631587206 -0.43809708038886896 -0.00495158814371 -0.0453665518829 -0.0681211243724 0.996632765947
520.0 1.9839928284218433 1.2077996096356902 -0.44376742970435434 0.0039804010552 -0.0186562467262 -0.0409408879323 0.998979451521
540.0 1.9928082614746205 1.2187828477250544 -0.4420989172878356 0.00365146276118 -0.00191735964485 -0.0179694257703 0.9998300307
560.0 1.978935391434285 1.2154786554787473 -0.43457040879234654 0.00099005380051 0.00109156578796 -0.00291852612562 0.999994655227
580.0 1.9447174175053916 1.2005123726993512 -0.4247411617887796 0.00107429926209 0.000317071458039 -3.66961761184e-05 0.999999372
600.0 1.9079221400703428 1.1812330333206247 -0.4117881670053141 -0.000562423768378 -0.00940785074538 -0.0090068038042 0.999915023144
620.0 1.876921496086486 1.1561146456686011 -0.4032580197470441 -0.00642534651989 -0.0299632886422 -0.029793097163 0.999086226317
640.0 1.8609267185973417 1.1266814924397441 -0.3998065673126902 -0.00778854882028 -0.041266672478 -0.0491417560746 0.997908556963
660.0 1.866414962943887 1.092531278936209 -0.4000568290672058 -0.00510025559699 -0.0400680174452 -0.0577138103231 0.997515742968
680.0 1.883733450006984 1.0643357083899192 -0.4085493283121312 -0.00419396865906 -0.0408142143048 -0.0585856170432 0.99743888836
700.0 1.9032425859427826 1.077175062937227 -0.44355266292258577 -0.002582968486 -0.0467132761318 -0.0623349542348 0.996958149366
720.0 1.935827246012728 1.1194503858078744 -0.48867065081464406 -0.00143842273178 -0.0491254028614 -0.0617700841874 0.996879672996
740.0 1.9701263933355775 1.1677546543637176 -0.5316324443648022 -0.00150318479427 -0.0413858120133 -0.0583457550936 0.997437079651
760.0 2.009685550946992 1.2005078679649925 -0.5541546145695299 -0.00577912965516 -0.0360679277414 -0.0530415295564 0.9979239963
780.0 2.0459124077187916 1.230167805619578 -0.5688449498396155 -0.00565137261452 -0.0304829366687 -0.0446267262512 0.998522562521
800.0 2.0575358028446074 1.2615418835471703 -0.572115712470528 -0.00523046280493 -0.0359775913204 -0.0480772502385 0.998181763604
820.0 2.040316750864006 1.2855600657873947 -0.5591218380073952 -0.00971663543564 -0.0539175929367 -0.0770612854811 0.995519983952
840.0 2.0120688646208467 1.2980015042024082 -0.5368120929239799 -0.0108977844389 -0.0693601343799 -0.113923473828 0.991005475345
860.0 1.9884492794137376 1.302997576149832 -0.508273845771121 -0.0122230935839 -0.079521013465 -0.140679491861 0.986780768444
880.0 1.972226559749558 1.294297914641515 -0.47256535439401515 -0.0150503161147 -0.0831371946973 -0.149473776144 0.985149371968
900.0 1.9539610811998855 1.277698695545455 -0.4389625599765978 -0.0183349051611 -0.0847890757884 -0.14882357918 0.985051362194
920.0 1.9273775754231899 1.2524628801560573 -0.4129772910191108 -0.0191476719579 -0.0820745311745 -0.146838105715 0.985563650254
940.0 1.9000580717865296 1.2229571510485773 -0.3924260286224849 -0.0157581104155 -0.075241120795 -0.140033836789 0.987158032056
960.0 1.8721744395697861 1.1887026768662372 -0.3768164428278725 -0.0117467923286 -0.0684815179667 -0.127710347188 0.989374732742
980.0 1.8464696654073702 1.1554443981476097 -0.3700508643783223 -0.00689553916835 -0.0609029933375 -0.110868470997 0.991943274124
1000.0 1.8231787296259658 1.1256218987885889 -0.3719776175647529 -0.00366406967237 -0.056502544173 -0.0908964660569 0.994249400077
1020.0 1.8049393949055363 1.0973239427332842 -0.3805457764151133 0.00223499434 -0.0445564123489 -0.069420400316 0.996589453556
1040.0 1.791943960294084 1.0721398657102907 -0.3902413834214642 0.00349992447804 -0.0330599659276 -0.044488425293 0.998456593546
1060.0 1.7793762033638394 1.058493793397651 -0.4021760822091599 0.00297356096745 -0.0243230801199 -0.0208068267897 0.999483177281
1080.0 1.7578653466794516 1.055883896003356 -0.41695181776105206 0.00255987734475 -0.0145135078914 -0.00774449470962 0.999861404355
1100.0 1.7213400676937805 1.0590900442456799 -0.43156308801389587 0.00200335783986 -0.00922439265149 -0.00698803327411 0.999931029886
1120.0 1.670223515469706 1.0656947984613148 -0.4469074787606722 0.00205692611859 -0.00936031898732 -0.0150183832308 0.99984128823
1140.0 1.6106167716184734 1.07426933540199 -0.45994001196953926 0.00174619237973 -0.0181337683634 -0.029331952366 0.999403699126
1160.0 1.5491434021828978 1.0686881486341984 -0.4650773870168658 0.00166373644811 -0.0293167758129 -0.0434517054264 0.99862390715
1180.0 1.4936280204713182 1.033509208667252 -0.45823408758492823 0.00303591050771 -0.0322833979706 -0.0520442398555 0.998118210715
1200.0 1.4452723154653206 0.9744710058240565 -0.438643497890149 0.00383092061346 -0.0312232112386 -0.0513914474496 0.998183026432
1220.0 1.40028568278867 0.9139704929979051 -0.4174213972186022 0.0029880424839 -0.0287264081409 -0.0481977327711 0.998420173891
1240.0 1.3602435749215571 0.856497886966666 -0.39442028445045574 0.00108215811082 -0.0272105429304 -0.0455748698431 0.99858967876
1260.0 1.3275376564690275 0.8012107425111825 -0.3722947503242977 0.000312705728515 -0.0262507812214 -0.0406116662469 0.998830061254
1280.0 1.2916520016337474 0.7503650429885143 -0.3522299408437669 0.00013650393284 -0.0291851724171 -0.0431714178672 0.998641294839
1300.0 1.2494587331674378 0.7126419348939547 -0.33877827212202355 -0.000917431534963 -0.0391945815118 -0.0559951441121 0.997661008026
1320.0 1.2040967020573339 0.67765697888042 -0.32276400555370777 -0.005332134181 -0.0537437666637 -0.0806526664654 0.995278013061
1340.0 1.1701353268563177 0.6333216140858547 -0.3008958112646994 -0.00921432003217 -0.0625678798796 -0.102389837564 0.992731926492
1360.0 1.1547434842147086 0.5837748017497867 -0.28034993185835777 -0.00633192472025 -0.0644620175725 -0.108999398729 0.991929274745
1380.0 1.1489388304942143 0.5318355670354924 -0.2567738585464716 -0.00359553909631 -0.062209986609 -0.103272355501 0.992699254686
1400.0 1.1312251364949097 0.4895381906709585 -0.23406656499416048 -0.00139912733226 -0.056916528811 -0.0976359769442 0.993592354639
1420.0 1.091360555029797 0.45401301829110075 -0.2113852783204014 -0.00367485352416 -0.0562486950314 -0.10037705749 0.993351411178
1440.0 1.0355205958465412 0.40865571794141203 -0.1836069999462898 -0.00864584567304 -0.0591538923343 -0.111272269264 0.991990195752
1460.0 0.9868993629966109 0.3510914648528467 -0.14939399405841458 -0.0133265019777 -0.0623271935778 -0.116314955513 0.991165251817
1480.0 0.9510193111271188 0.2875811042734334 -0.11670643071624943 -0.0130202954283 -0.0619901387547 -0.11150110654 0.991743514143
1500.0 0.9090166219768597 0.2354772857832225 -0.09244736947619446 -0.00826941407293 -0.0606523794952 -0.110122149084 0.992031258547
1520.0 0.8526201570716816 0.18381902812733417 -0.0691136151622233 -0.00758009888009 -0.0651855898387 -0.118676393002 0.990761976825
1540.0 0.7980321612126424 0.124723333062017 -0.03871291799157745 -0.00974619361817 -0.0707047002772 -0.124174954159 0.989690071602
1560.0 0.7602061328856584 0.05815557041061462 -0.008042202021581877 -0.0109699960336 -0.0689678237359 -0.11846643176 0.990499269572
1580.0 0.7325398243129853 -0.0069270059517556985 0.01748008802522179 -0.00834716492906 -0.0607588808895 -0.10573514575 0.992501265583
1600.0 0.7006590420282766 -0.02785120350062947 0.015780683747024418 0.00367147511609 -0.041881123537 -0.0941340262587 0.994671441664
1620.0 0.6632209615673738 -0.018021314150468978 0.0051431490062674775 0.00714504191421 -0.0350273118064 -0.0886946650106 0.99541714482
1640.0 0.6269086296872626 0.014589769081332008 -0.005513298539600821 -0.000853867568865 -0.0378539370589 -0.0856174114217 0.995608361365
1660.0 0.5996061684590254 0.052713886118978925 -0.020667899532708506 -0.0089658268624 -0.0443774074707 -0.0832690521704 0.995498128881
1680.0 0.5783560192873944 0.08517760692516041 -0.03982973566019565 -0.0107060131553 -0.0493728836727 -0.0827722572684 0.995287120919
1700.0 0.559141021116235 0.11855113873055034 -0.06430502528972566 -0.00645980220456 -0.0509233914811 -0.0873346047671 0.994855640767
1720.0 0.5406277791660727 0.15576738654808614 -0.08793791593011847 -0.00241029536408 -0.0523153429134 -0.094199573157 0.994174902011
1740.0 0.5240466051253927 0.19478241637280946 -0.10328087898622636 -0.00148912435815 -0.0523583415874 -0.0984311696644 0.99376440438
1760.0 0.5121681349230895 0.2338723752999961 -0.11234234678495603 -0.0026754030335 -0.0492686427501 -0.0978784988661 0.99397446774
1780.0 0.5014879516180165 0.2724487726808268 -0.11609549350001734 -0.00721238824148 -0.0483653337378 -0.0934688525179 0.994420609982
1800.0 0.49108988127470304 0.311436750300087 -0.11657214075371253 -0.0114314093624 -0.0462138941424 -0.0890575533357 0.99488810982
1820.0 0.4816604526819554 0.3485218654863779 -0.11616288857512434 -0.0137257852352 -0.0435070176047 -0.0835980004218 0.995454728536
1840.0 0.4696246102144295 0.3792870072439588 -0.11238382557127896 -0.0140382144533 -0.0427494434365 -0.0779243463499 0.995943376838
1860.0 0.454693358623755 0.4036941198890677 -0.10703078670516568 -0.0115180744238 -0.0407411484222 -0.0734333465435 0.996401041952
1880.0 0.4352624386987074 0.42185252845655036 -0.10017146587506127 -0.00781704637363 -0.0357131190296 -0.0702645750192 0.996858242887
1900.0 0.4151203616384798 0.43056419599997997 -0.08906502996922193 -0.00644302009104 -0.0340417642971 -0.0660810593316 0.997212584845
1920.0 0.3507850453504218 0.406069381839772 -0.052978608354226034 -0.00524554856689 -0.0425148116579 -0.0709769849166 0.996557696585
1940.0 0.3874082538114703 0.4230327510321037 -0.07014584732486881 -0.00742154203488 -0.0386815252376 -0.0662313782556 0.997026611908
1960.0 0.3127484696029733 0.3886314349752755 -0.03988401500492581 -0.00232790697726 -0.0440180081442 -0.073731267957 0.99630351597
1980.0 0.2746574798991181 0.3767848651434095 -0.03620914915699479 0.000295207410078 -0.0450410470758 -0.0753075936454 0.996142551681
2000.0 0.23701624742324398 0.3649571159844935 -0.037556471366060884 -0.00055712428214 -0.0435581134339 -0.0759742033727 0.996157769025
2020.0 0.19869123690977675 0.348494035434854 -0.032322868959960845 -0.0039104161466 -0.0420897099104 -0.0767472810667 0.996154114489
2040.0 0.10701278881258862 0.27027250997436325 0.0014942564128778892 -0.00587526384661 -0.0424554437134 -0.0799626510589 0.995875991783
2060.0 0.15549432335600682 0.3146861545758207 -0.015932037031232506 -0.00712521263719 -0.0431904445505 -0.0778261240111 0.996005477528
2080.0 0.05466513898311548 0.22167978982947115 0.023198213560548738 -0.00525050101219 -0.0455518862867 -0.0829412655657 0.995498972557
2100.0 0.002486380699672806 0.17025016060471587 0.04894242741089652 -0.0052148735457 -0.0496930494716 -0.0855980338175 0.995076068718
2120.0 -0.0376503611648645 0.11172370617761558 0.07890111437465214 -0.00578143336117 -0.0498028683983 -0.0804499234393 0.995496890576
2140.0 -0.07398230330914549 0.06179772946790106 0.10465283213762715 -0.0038296829233 -0.0449569986095 -0.0731225837305 0.996301806459
2160.0 -0.1469322935450379 -0.015452741000993024 0.15020732007101806 -0.00138875394558 -0.034957763332 -0.0620038111108 0.997462557469
2180.0 -0.11085281202839808 0.022807226788309615 0.12648698954311882 -0.00110267432373 -0.0376783520382 -0.0673598690489 0.997016436143
2200.0 -0.182802440877047 -0.046070034912969314 0.1704438832603015 -0.00136917260248 -0.0324800366961 -0.0567671026336 0.997858040325
2220.0 -0.2184623418136014 -0.07330964061532012 0.18732071110032125 -0.000385060700489 -0.0289772695931 -0.0518509183531 0.998234267014
2240.0 -0.2897284476587226 -0.1138372260062596 0.21128033881719915 0.00471134031693 -0.0213010840455 -0.0428237943118 0.998844427192
2260.0 -0.2544481431232548 -0.09669999933515874 0.2001869656917546 0.00250797121374 -0.0241422128413 -0.0478416204528 0.998559984674
2280.0 -0.3255697238364748 -0.12797156771857388 0.22166802275318837 0.00565850168014 -0.0177641219062 -0.0385190767198 0.999083929438
2300.0 -0.3627318264169402 -0.14214155209466514 0.23224092871744875 0.00621922322939 -0.0141583979339 -0.0350631438679 0.999265448703
2320.0 -0.4004859127216805 -0.15597208111154984 0.24519919994220518 0.0064065248637 -0.0128972811941 -0.0327145630537 0.999360982799
2340.0 -0.4379849682258098 -0.17074548440685747 0.2590156035059246 0.00676922806763 -0.0147316508784 -0.0309608044697 0.999389105704
2360.0 -0.4773822542109487 -0.18288915593565078 0.2709813098911939 0.00708495343041 -0.0153608252179 -0.0307032755579 0.999385389804
2380.0 -0.520064750593026 -0.19350745582676382 0.27155827536670807 0.00528853254314 -0.013068849017 -0.0305112807845 0.999434989558
2400.0 -0.5643388862031067 -0.1976571767572325 0.2659537311367667 0.00388823084753 -0.0158452069014 -0.029287612631 0.999437865415
2420.0 -0.6104453511319214 -0.20047382073745448 0.25864244524369806 0.00561258932061 -0.01878624465 -0.029760939304 0.999364729388
2440.0 -0.6534435400028353 -0.20819731976197828 0.25753880173111476 0.00779019395023 -0.0214462204459 -0.0317874281575 0.999234172713
2460.0 -0.6966761373161715 -0.2256058849314244 0.2659250952705611 0.00823296339571 -0.0252110623461 -0.037313016787 0.998951630174
2480.0 -0.7452171050339236 -0.2552265583891219 0.2848981129590425 0.00689539444148 -0.0329538803265 -0.0481298605759 0.99827351554
2500.0 -0.797722806976414 -0.28734333476562757 0.31011660323597817 0.00349213434806 -0.0448635478202 -0.0631017431359 0.996992094797
2520.0 -0.8445126490292082 -0.31629308243368726 0.3340936169102566 0.000342921804426 -0.0507491011513 -0.075025347096 0.995889355516
2540.0 -0.8893112192521455 -0.32035143540750105 0.34078057856399413 0.000914973781509 -0.0531969302621 -0.0843736662327 0.995012730512
2560.0 -0.9331286646151695 -0.3175948028374271 0.3446829018533946 0.000796702452163 -0.054265307588 -0.0938941526306 0.994101870916
2580.0 -0.9754191274683507 -0.3170106334216608 0.3544938386644484 -0.00398294815979 -0.0561715116606 -0.102707121267 0.993116380211
2600.0 -1.0160439010810096 -0.33211126240183464 0.37130778769104616 -0.00874673375624 -0.06355690702 -0.110056440142 0.991852607095
2620.0 -1.0593949564478662 -0.36016324809208183 0.3890366313236695 -0.0074525215846 -0.0683142872151 -0.115998720195 0.990869272406
2640.0 -1.1049697350062524 -0.3963237321629326 0.4110281173761591 -0.00647808946212 -0.0713756826784 -0.120121750851 0.990168829671
2660.0 -1.1539003473089282 -0.4357131979755665 0.4312552487651418 -0.00893458879097 -0.0740289706933 -0.125033106927 0.989346555456
2680.0 -1.2012292059438947 -0.48436096741158985 0.44723353558199486 -0.00936044291632 -0.0709437271717 -0.126583352085 0.989371530143
2700.0 -1.246887679320593 -0.5353535606229268 0.4538980095631241 -0.00918341982784 -0.0745499925727 -0.124870498636 0.989325690548
2720.0 -1.2951085857562394 -0.5845706767633077 0.45357168493094957 -0.00861587620862 -0.0839324858143 -0.126876928578 0.988323504474
2740.0 -1.344414205781372 -0.6304266171998446 0.4518842620402679 -0.00557008401298 -0.0886597842416 -0.131722264247 0.987298162626
2760.0 -1.3916517286720789 -0.6682235514874095 0.45205651730687074 -0.00230736059379 -0.0852724090159 -0.137114700516 0.986875296707
2780.0 -1.4429170458502452 -0.7078084369292234 0.4620323154660012 -0.00699826535081 -0.087250170065 -0.145859888252 0.985425453855
2800.0 -1.4878153675339958 -0.7316483003409571 0.46559089408394455 -0.0074177589214 -0.082884077495 -0.149129348419 0.985309922811
2820.0 -1.5279864811567336 -0.7367466738836946 0.4583902751245795 -0.00567680043841 -0.0789458782543 -0.14895894108 0.985670612383
2840.0 -1.5615738680974414 -0.7352101287604212 0.44893570675342487 -0.00608198597324 -0.0764024287105 -0.14432262844 0.98655798474
2860.0 -1.5900271037081029 -0.7299180392287589 0.43922815676657867 -0.0074877359908 -0.0705924306435 -0.137282376177 0.987984914731
2880.0 -1.6154936320950615 -0.7205266444589263 0.4289787853997563 -0.00836088868606 -0.0670126702071 -0.129104720893 0.989328746482
2900.0 -1.638722812728901 -0.7176724045727009 0.42380171054237126 -0.0107213430424 -0.0669563581542 -0.119897817314 0.990467774493
2920.0 -1.6687288972185788 -0.7270066630189762 0.4290616921623359 -0.0132321071752 -0.0675648321593 -0.117209114484 0.990717885312
2940.0 -1.707355385305912 -0.745580930940009 0.438337470384238 -0.0134236631204 -0.0697329045717 -0.122891240903 0.989876189328
2960.0 -1.7497053277217847 -0.7712829151868338 0.4490966226329567 -0.0126706479319 -0.0731697058182 -0.129779244037 0.988758310533
2980.0 -1.792451328689799 -0.8013011007528873 0.4623858869231002 -0.0133278354583 -0.0771580317967 -0.135876291982 0.987626771715
3000.0 -1.825627074666284 -0.8401138890301766 0.4814605578469033 -0.0148998106725 -0.0771626798052 -0.13473821001 0.987759855051
3020.0 -1.847866478133627 -0.8798368263735482 0.5040510661076697 -0.0134234981904 -0.0734660747193 -0.127978472411 0.988961099418
3040.0 -1.8745667345485577 -0.9087309794105766 0.5278751075355201 -0.0103967869887 -0.0713013811659 -0.1267111797 0.989319107671
3060.0 -1.9019496062884236 -0.9248248049161313 0.549057766357977 -0.00787847886176 -0.0705710541857 -0.124814729948 0.989635760808
3080.0 -1.9312965804605486 -0.9359096994303107 0.5684398228950395 -0.00971873422841 -0.0731594783834 -0.123719813387 0.989568918622
3100.0 -1.963716756429189 -0.9545809806347128 0.5776054250971627 -0.0121949963537 -0.0707214958334 -0.122352252163 0.989888720252
3120.0 -2.0004546985833827 -0.9745901555979066 0.5801029814953681 -0.0114344220261 -0.0661392347066 -0.120025528635 0.990499231752
3140.0 -2.043317916299346 -0.996790061314975 0.5783916756364423 -0.0080958260219 -0.0629445798648 -0.118484966779 0.99092570363
3160.0 -2.0896195973388076 -1.016782533671127 0.5731165571223205 -0.00489558644296 -0.0638200811709 -0.116424975389 0.991134832189
3180.0 -2.137149133136953 -1.038167986822808 0.5740165280058578 -0.00370408335141 -0.0642061476882 -0.115413143988 0.991233401657
3200.0 -2.1818588493692395 -1.0646079047522825 0.577754139122827 -0.00461165268997 -0.0604837503221 -0.115345502641 0.991471564709
3220.0 -2.22547325215478 -1.0962065923240885 0.580195803063891 -0.00785954416714 -0.0594667205612 -0.114387144633 0.991623677538
3240.0 -2.2687753039205694 -1.1293897835770785 0.5822467942453683 -0.00876111990876 -0.0602333782965 -0.11106963131 0.991946934023
3260.0 -2.3115363110283993 -1.1589248954683793 0.5847427422726827 -0.00793650409549 -0.0605476594497 -0.108861263584 0.992179529183
3280.0 -2.394220988123819 -1.195316644579409 0.5901799226727575 -0.00302931849711 -0.0658172221807 -0.112565447573 0.991457480937
3300.0 -2.3541187760737627 -1.1811597696824754 0.5869495577419318 -0.00553550432061 -0.0610284988337 -0.110199421692 0.99201863288
3320.0 -2.435980640023386 -1.2069520366453035 0.5878749926661766 -0.00401241070505 -0.0718895077323 -0.116799878934 0.990542067516
3340.0 -2.4828566248484067 -1.221431617943669 0.5757005422184215 -0.00578682440406 -0.0745026688962 -0.122785395491 0.989615890962
3360.0 -2.5330385859432205 -1.2410709260929946 0.567730910295574 -0.00930884463383 -0.0759743913254 -0.12986717773 0.988572583791
3380.0 -2.583728333571725 -1.2660365815360004 0.5691627512985424 -0.0137953808377 -0.0785738613307 -0.13883473368 0.987097134282
3400.0 -2.6312393319457357 -1.2901315950850991 0.5712601654351502 -0.0157410251302 -0.08364619108 -0.148228780466 0.985283595462
3420.0 -2.676458187028748 -1.3153487979573468 0.5813620581959358 -0.0169703266815 -0.0943366674224 -0.158265057309 0.982733317247
3440.0 -2.71221723454639 -1.3460559699482597 0.602184209825387 -0.0149146524543 -0.100769750047 -0.162637044955 0.9814133697
3460.0 -2.7429864401482673 -1.3761692399113032 0.6361800227302548 -0.011828420644 -0.105462945657 -0.167826700426 0.980087676783
3480.0 -2.765209412668133 -1.4008599414008411 0.6733928889211868 -0.00935302491062 -0.103255829153 -0.171678932338 0.979682141749
3500.0 -2.795990489299953 -1.4272022345303466 0.6963023650431285 -0.0158140830311 -0.102814542623 -0.173827784136 0.979266555165
3520.0 -2.836110188381198 -1.4612225661434344 0.7138639229096995 -0.0207046543495 -0.101413034645 -0.173912542701 0.979306459278
3540.0 -2.8800883036768834 -1.5105617718096889 0.7322595353519452 -0.0195103390594 -0.0994854096141 -0.172648162938 0.97975232165
3560.0 -2.9193145321956413 -1.5700350009459765 0.7604306439746006 -0.0143578410338 -0.0940375586927 -0.169815961855 0.98087375796
3580.0 -2.951262279114141 -1.6326237670084476 0.7831511133269977 -0.0130993828469 -0.0898376432805 -0.160990468497 0.982771424631
3600.0 -2.9831711009018815 -1.6904588422195708 0.8006507348837125 -0.00991996278599 -0.0840257526764 -0.147660094536 0.985412484043
3620.0 -3.0222142392454474 -1.7374505172095438 0.8090909164047275 -0.00244645607946 -0.0704865506499 -0.137858429619 0.987937606539
3640.0 -3.067957064841398 -1.7822103794678998 0.8057284406205261 -0.00213919767886 -0.0691490282473 -0.127736848745 0.989392305003
3660.0 -3.1173284933908327 -1.8253030688499847 0.7998938546516825 -0.00378531993767 -0.0793667382875 -0.117904914977 0.989840908041
3680.0 -3.1676995116709805 -1.8646798360856998 0.7919347870642773 -0.000645487708349 -0.0823271471475 -0.111930018724 0.990299699635
3700.0 -3.2188847816309414 -1.893606396485461 0.7741771495847941 0.00387017923284 -0.0792217545424 -0.10893335666 0.990879639072
3720.0 -3.2680575067955613 -1.9092590829853844 0.7558306627235185 0.00607438406868 -0.0708339043237 -0.106838453702 0.991731417606
3740.0 -3.317343434038001 -1.9099061395100776 0.7391212348904835 0.00224905239265 -0.0609877405887 -0.105499487853 0.992544858092
3760.0 -3.3579602160842263 -1.8930243893009562 0.7177388053331968 -0.00299986227658 -0.0536031422202 -0.0998851160383 0.993549529497
3780.0 -3.3863868441153246 -1.863912070266702 0.6952605306275033 -0.0075853218193 -0.0465807509846 -0.0901756277091 0.994807042947
3800.0 -3.406234832007382 -1.8276396414251566 0.6729935764209476 -0.00620882578945 -0.0397320886663 -0.0796921110929 0.996008021575
3820.0 -3.4333393783760635 -1.7955950930882751 0.6666804897287757 -0.0017541710242 -0.0413388274568 -0.0726554214429 0.996498476649
3840.0 -3.474866116198323 -1.7665554857271533 0.6760720353485614 0.00116199796352 -0.0471291812744 -0.078208717997 0.995821714195
3860.0 -3.5175753795703626 -1.737695550672441 0.6991706950417709 0.000938968491488 -0.0566023575498 -0.0902207591629 0.994311573942
3880.0 -3.552009859298085 -1.7155834194800088 0.7346915311284284 -0.00528584827517 -0.06988791081 -0.0984935307176 0.992666491898
3900.0 -3.587186917354115 -1.7052124244015143 0.7746916232071515 -0.011573109052 -0.0801535690796 -0.110701606145 0.990548647421
3920.0 -3.6192399968140703 -1.7136205427726965 0.816706416602116 -0.0131088422415 -0.0794352706235 -0.119727694622 0.989537000408
3940.0 -3.651629800464208 -1.7359018440822291 0.858929434357895 -0.0106899477006 -0.0726753592985 -0.12674672652 0.989211445792
3960.0 -3.6919811668200357 -1.7753407658694234 0.8984860394495481 -0.0117086696744 -0.0705379528192 -0.1331861638 0.988508345963
3980.0 -3.7367843193394803 -1.8311923271822155 0.9357443149731587 -0.0153112238115 -0.0725649266579 -0.132981557775 0.988339922869
4000.0 -3.7795309762975013 -1.8984094480373022 0.9695467439554318 -0.0140191267095 -0.0713648620397 -0.124918690949 0.989497772208
4020.0 -3.8209583188569427 -1.969261220117945 1.0042991351055337 -0.00658852227916 -0.0626424553115 -0.114098351999 0.991470665344
4040.0 -3.8584357690541258 -2.0075321369694477 1.0254088214963217 0.00311764104058 -0.0503505337491 -0.106901146201 0.992989047778
4060.0 -3.893580542482958 -2.023738731019994 1.0341855806428848 0.00654488909639 -0.0494356281319 -0.0983420355906 0.993902473653
4080.0 -3.9328100813338507 -2.0365561866490167 1.0338042701865024 0.00227945512238 -0.0506552704957 -0.0892960069356 0.994713562188
4100.0 -3.9779213519942167 -2.047761844120004 1.0276045519478587 -0.00218316223791 -0.0500109620833 -0.0835807665262 0.995242881382
4120.0 -4.026164578402053 -2.0580045645180567 1.0179226323492099 -0.00232221699872 -0.0456656644949 -0.0808179766359 0.995679521255
4140.0 -4.0713794758009705 -2.064342085557168 1.0164120796894516 0.00124493837428 -0.0368707931979 -0.0795021016699 0.996151800966
4160.0 -4.113267236486556 -2.0638455789585146 1.0146836217102666 0.00472922091582 -0.0330767935196 -0.0763734924683 0.996519267174
4180.0 -4.155331125401769 -2.0584676029593156 1.0165900300612858 0.00228426795342 -0.0364484847862 -0.0707851471268 0.996822829305
4200.0 -4.2428592148202835 -2.037943780132102 1.0146454543526875 0.00404247291906 -0.037874366166 -0.0690714537875 0.99688430877
4220.0 -4.197293950586129 -2.049404439389421 1.0149097778786695 0.00215040241055 -0.03730635506 -0.067468926509 0.997021341596
4240.0 -4.28748649846319 -2.0327149436584806 1.0446013983032596 0.00337718279921 -0.0449516172731 -0.0782308622059 0.995915598301
4260.0 -4.325387931726035 -2.053863984542764 1.1035639368755332 -0.000478531672838 -0.0591030208212 -0.0896646226519 0.994216706449
4280.0 -4.362508348348895 -2.0871653646298407 1.1721256041034864 -0.00577065208791 -0.0674627139287 -0.104806394936 0.992185013687
4300.0 -4.400357876002687 -2.140892828968054 1.2297718837241824 -0.010393292667 -0.0676456973063 -0.112816737426 0.991255982509
4320.0 -4.442372409641662 -2.2088801402451033 1.2794485471170984 -0.0109009350009 -0.0650000507436 -0.113251689109 0.991377938999
4340.0 -4.48919388481528 -2.2674041615848255 1.3236643711007345 -0.00899329635756 -0.0616219196575 -0.110415111255 0.991932640276
4360.0 -4.546130451702403 -2.324343311428682 1.3527980704803497 -0.00514596126039 -0.0556682620788 -0.111511913395 0.992189325104
4380.0 -4.608436634776492 -2.3922584413868173 1.3847116051072985 -0.00150600137083 -0.0559941227272 -0.108933040353 0.992469638276
4400.0 -5.334459835008586 -3.185198071886689 1.8541851179197917 -0.0128100997035 -0.0959309788047 -0.134076977589 0.986233498078
4420.0 -4.7574784660341995 -2.571821236203189 1.4812785095147125 -0.00821710829903 -0.0736661320957 -0.123988946533 0.989511253726
4440.0 -4.831437680789989 -2.665038039622305 1.5414922264775526 -0.0122604152453 -0.069091944979 -0.129897753 0.989041232266
4460.0 -4.901616719081044 -2.7392729154600697 1.5866158101114196 -0.00897040383504 -0.0609276335386 -0.129080540055 0.989719944987
4480.0 -4.976086547693097 -2.804899215422301 1.6292536283347672 -0.00615086062211 -0.059483298977 -0.125345873571 0.990309202237
4500.0 -5.055532092934711 -2.866283922511186 1.6702099837632174 -0.00493943738227 -0.0637050272495 -0.123900551885 0.990235287547
4520.0 -5.144020869653531 -2.9271631542694854 1.7090469895692977 -0.00626988893356 -0.0685628990128 -0.12799592664 0.98938205974
4540.0 -5.235055805058246 -2.986438096700969 1.7511899224035938 -0.00783283862476 -0.0739966395295 -0.136088514802 0.987898304542
4560.0 -5.313862039219931 -3.045451368874722 1.7922524168238847 -0.0102411343393 -0.0816601855194 -0.144229357208 0.986115929183
4580.0 -5.347478957625494 -3.097692676666955 1.8238015155786076 -0.0163055528027 -0.0947188312094 -0.14385525564 0.984920371089
4600.0 -5.351549674649386 -3.143711596274142 1.8439120637373974 -0.0176299676528 -0.100667415922 -0.139124414534 0.984987133364
4620.0 -5.303575025097058 -3.220396858051829 1.8619363893380425 -0.00874203130407 -0.0862842314235 -0.127261612551 0.988070387304
4640.0 -4.6810146048814545 -2.4745031637593002 1.4290143100165271 -0.00444101529077 -0.069395543642 -0.114465133385 0.990990549473
4660.0 -5.258607142785759 -3.250574409070426 1.8699855915498726 -0.00887399823787 -0.0783005239259 -0.115163964835 0.990215906412
4680.0 -5.203511647823694 -3.276952973615644 1.8751632645497758 -0.00966255474142 -0.0704073490242 -0.0987798926214 0.992568371979
4700.0 -5.139564803407519 -3.2995214985286503 1.8747128858345985 -0.00726001036223 -0.06053308326 -0.0806714698363 0.994874440337
4720.0 -5.070107982804554 -3.3194753600394757 1.8703187765858635 -0.00328120972154 -0.0488060913413 -0.0619202967465 0.996881676009
4740.0 -4.99561765036605 -3.3352507800451 1.863938733531106 0.000439717154912 -0.0369481310907 -0.0424372391043 0.998415606346
4760.0 -4.9179643814592175 -3.3484496726990765 1.8572049651569533 0.00221087959688 -0.0257680655895 -0.022972847284 0.999401504449
4780.0 -4.840134229975009 -3.357509257185362 1.8486444796165997 0.00273847008915 -0.0183080978409 -0.00701758946559 0.999804014681
4800.0 -4.793304013041626 -3.365792871830989 1.8299542121857997 -0.00629668313522 -0.0347244005027 -0.0237845545207 0.99909402098
4820.0 -4.766995297652014 -3.3822091903107707 1.792378618686271 -0.0151639544251 -0.0534905958209 -0.0644152297525 0.996373167453
4840.0 -4.749159793383494 -3.3928983119790006 1.748999346726986 -0.0238336850401 -0.073810787402 -0.116659755089 0.990138588614
4860.0 -4.733508659302326 -3.3909265236120154 1.7064651313738999 -0.0354567070356 -0.101876666547 -0.173291051255 0.97894544194
4880.0 -4.710845183825643 -3.377862682642019 1.6638210456978022 -0.0475575814819 -0.135675693395 -0.230912845327 0.96229394705
4900.0 -4.683991786313172 -3.370123478953514 1.596045720482298 -0.0591953617754 -0.165366916849 -0.29096029711 0.940474240722
4920.0 -4.660519327002244 -3.3796606412840795 1.5043602664121505 -0.0671608362691 -0.19097502501 -0.347796721971 0.915453659166
4940.0 -4.630349070964382 -3.38933381775906 1.4182915519606014 -0.0719683725122 -0.223870451976 -0.398083841967 0.886697146073
4960.0 -4.59796902889673 -3.3998728071453983 1.3247294200870048 -0.0805058231027 -0.25406777931 -0.450466346306 0.852084765038
4980.0 -4.560743867958422 -3.4125813215040766 1.2280340450518432 -0.085379149782 -0.283985139002 -0.50169874043 0.812626122801
5000.0 -4.511586046162791 -3.4167099079960783 1.1345692623680368 -0.0943515543273 -0.311986517781 -0.552568354455 0.767092178668
5020.0 -4.45028681376129 -3.4150012415492523 1.0489298174912347 -0.10835588562 -0.337442702989 -0.601838065681 0.715669174234
5040.0 -4.37879038958257 -3.408445664009192 0.9662909904037803 -0.121531750188 -0.358115479444 -0.651245975614 0.657922500243
5060.0 -4.295093225695667 -3.40311751402851 0.8894497262259983 -0.132219438112 -0.374633477529 -0.699497465442 0.594029522448
5080.0 -4.208427200643951 -3.4101101547949764 0.8137695075701863 -0.13406825917 -0.384542023616 -0.73567459729 0.541235642635
5100.0 -4.1211641659363405 -3.4325333566712493 0.7434803455101384 -0.133090382463 -0.394308973718 -0.757105077688 0.503586422256
5120.0 -4.023232846908113 -3.4532598808808763 0.6741454229834825 -0.138052820482 -0.408699500767 -0.776595385296 0.459135867001
5140.0 -3.831891188784438 -3.269917658280269 0.46611819929192017 -0.154873738029 -0.437867293224 -0.840932911759 0.277701632536
5160.0 -3.931189468847038 -3.4184275353363156 0.5932794649426667 -0.150196372535 -0.426254918578 -0.800986035541 0.392643814333
5180.0 -3.683454300728338 -3.0764792347742564 0.328268161883664 -0.142474649253 -0.432074409992 -0.877690266285 0.15057381917
5200.0 -3.47912094727264 -2.889315562667263 0.21595815025535234 -0.130335830622 -0.42061572364 -0.89758976483 0.020678451484
5220.0 -3.234271043325163 -2.7401950336159713 0.14036293116369622 0.122815919977 0.419609963078 0.893076523055 0.106103970962
5240.0 -3.0018309136313404 -2.630156656151801 0.10053499693837703 0.121707609257 0.435604117101 0.872697548064 0.183943743076
5260.0 -2.801447124511544 -2.5291040274414325 0.09093994557318986 0.141527792092 0.454417685951 0.85416666882 0.209460623119
5280.0 -2.6276952292027493 -2.426914145027901 0.10618824384784446 0.16630347182 0.463587786157 0.847066205659 0.199770776184
5300.0 -2.4278693600462122 -2.327566867885882 0.10967995899592727 0.174638237467 0.461260374378 0.844946568156 0.206895263369
5320.0 -2.18059415427511 -2.2382352520936624 0.08526424155350106 0.160944423844 0.458876361821 0.838229788734 0.246779655306
5340.0 -1.9062825214237769 -2.1613920588405926 0.037660712300732854 0.148456062034 0.447605639039 0.827573044686 0.304520681163
5360.0 -1.6333124377228307 -2.094143737684206 -0.008261631162337581 0.140143553451 0.433497921664 0.816243055503 0.355227547753
5380.0 -1.3794766618627354 -2.0268140534808867 -0.06055329516081598 0.135770053806 0.426941460769 0.810920531262 0.376424459279
5400.0 -1.142477627856972 -1.9518572746872616 -0.10947765922475543 0.138817759318 0.425520688678 0.810895396762 0.376975368845
5420.0 -0.914107952416356 -1.8774410644164148 -0.1435672630572631 0.146877000965 0.430864786279 0.807862144274 0.374354695953
5440.0 -0.6827663388887338 -1.8065407364709296 -0.178993045487252 0.153104399192 0.438242471757 0.804428294613 0.370671954323
5460.0 -0.4502265658766617 -1.731791932768501 -0.20593110253361321 0.153267804744 0.444345676742 0.803315429765 0.365718771587
5480.0 -0.22485139104019455 -1.6530955117164747 -0.21291832600294763 0.150495363636 0.455549045863 0.799139397025 0.362218768785
5500.0 -0.006912959632401622 -1.566689249199329 -0.2074087888665185 0.151000542309 0.46418848736 0.79457848241 0.361071903802
5520.0 0.2203506400808839 -1.4766949961556168 -0.19492729464254865 0.149527393996 0.472758078267 0.790640083802 0.359206926108
5540.0 0.45476846326280435 -1.3751225596015229 -0.19253144616587914 0.153895939372 0.472452412367 0.79145362447 0.355957747784
5560.0 0.7086020972028094 -1.2734226669827555 -0.19166845843874644 0.15996873994 0.469080473319 0.792710441458 0.354941780854
5580.0 0.9655597822710603 -1.162112264374185 -0.19492718180941426 0.164179702829 0.467000513779 0.79059059549 0.36044702195
5600.0 1.2286700286959877 -1.054870858555889 -0.2020784209156479 0.165960309165 0.466245378166 0.787926939039 0.366392633464
5620.0 1.491341628411701 -0.9559365980931074 -0.1889868477846917 0.165288766919 0.468710807824 0.784590715799 0.370684786364
5640.0 1.7459815658802933 -0.8546887604490402 -0.1821912016983181 0.1614935745 0.468818903542 0.785578476037 0.370128516957
5660.0 1.981640321398848 -0.7506507854300755 -0.1901347025741963 0.160151186102 0.470129517494 0.791322760782 0.3565643317
5680.0 2.2131763838553624 -0.6405998983372787 -0.2191158257109485 0.158462592838 0.46486370677 0.802242597726 0.339408537302
5700.0 2.4268126150540796 -0.5229348490698038 -0.25632475564202806 0.158249580057 0.456454054318 0.815313251419 0.319172474954
5720.0 2.596878900915229 -0.41390453750042566 -0.2935174300603159 0.157077183942 0.455690193463 0.828219296412 0.285877601286
5740.0 2.7141545571868164 -0.31397088273219237 -0.33056761461354683 0.157998836611 0.465829421579 0.841004078618 0.225280841105
5760.0 2.798072788091277 -0.21508180981588756 -0.3656742064335885 0.1616531864 0.472497731743 0.854422285377 0.143445805357
5780.0 2.8615668477509235 -0.12450190638418913 -0.3918931607880932 0.164898610492 0.473156298906 0.863958281406 0.0500764720628
5800.0 2.923323300476217 -0.05695078697763344 -0.40629886994954 -0.167322017211 -0.468471543229 -0.867114459609 0.0255003858428
5820.0 2.98762390608869 -0.01108143608278435 -0.4114751435111498 -0.164824153445 -0.464859839349 -0.865829393077 0.0841296040914
5840.0 3.040700144585933 0.06810643268110278 -0.4396974735686711 -0.146513653008 -0.465275377201 -0.85980810631 0.150939037945
5860.0 3.0680537916449135 0.16940641718017574 -0.46961757520445935 -0.132546496052 -0.455837415975 -0.850932422673 0.224850369412
5880.0 3.0755603616242695 0.28094899905032944 -0.4957331151901996 -0.124070127733 -0.443770919002 -0.837809342697 0.292830121643
5900.0 3.0666284858302975 0.39338522777597346 -0.5179103419426497 -0.119292755382 -0.432112721818 -0.82071566903 0.354222563885
5920.0 3.042531781606639 0.5032069322159108 -0.5328776509127796 -0.11781098878 -0.420311841714 -0.802161032968 0.407426317049
5940.0 3.0035447081394206 0.6030582032177652 -0.5390980491180262 -0.114804326296 -0.410250872813 -0.781247573348 0.45625258044
5960.0 2.9506383180263565 0.6965538893808766 -0.5401503064002806 -0.112921572534 -0.399864692974 -0.759068134349 0.501171141612
5980.0 2.8823805349866163 0.7961271837990064 -0.5446728412938522 -0.114210387735 -0.387713220448 -0.742565278458 0.534070457199
6000.0 2.8021299202008096 0.8918397240012598 -0.548517929423805 -0.115125253739 -0.375418711291 -0.725693981463 0.564955938488
6020.0 2.7264073099309596 0.963788289723288 -0.5368189176531271 -0.113388015141 -0.361512353978 -0.70189171504 0.603158350935
6040.0 2.6578420465235864 1.00981432569487 -0.517848198981205 -0.108212269429 -0.346437590626 -0.670351048296 0.647225287358
6060.0 2.6157097776891547 1.020087444654788 -0.49257058110755747 -0.0991452953884 -0.329775607359 -0.630039707834 0.696037517484
6080.0 2.5978348520096994 1.0034522813855207 -0.46451139986192236 -0.0878391382302 -0.308957776163 -0.582682373231 0.746532404031
6100.0 2.5896973610977185 0.9839997982934062 -0.43057933582887886 -0.083550788003 -0.290505558083 -0.540241318254 0.78534394032
6120.0 2.582069227613574 0.9631938142998904 -0.3949460205969312 -0.0803169143199 -0.270286680464 -0.507277929929 0.81434845456
6140.0 2.5754918656289654 0.9397848660589232 -0.3631108469831511 -0.0772643922757 -0.252056986609 -0.482490325569 0.835284726857
6160.0 2.5723484191686716 0.91411661811113 -0.33169879622494647 -0.0789824614927 -0.240774811419 -0.462113520235 0.849847254145
6180.0 2.5816831380746565 0.8898528180855836 -0.30918756893654914 -0.081354988422 -0.238787801422 -0.448499436195 0.857443880078
6200.0 2.589829717224635 0.8741487067129992 -0.30101732207268994 -0.0781478819827 -0.241533601352 -0.446283454503 0.858129073157
6220.0 2.584577312314332 0.8594026415613664 -0.3023065685640167 -0.0666231414241 -0.23849515915 -0.443910092374 0.861176663628
6240.0 2.5807031114696883 0.8302499256751531 -0.3014318299502792 -0.0500899400073 -0.214709455436 -0.418520893381 0.881039788807
6260.0 2.5887811090858923 0.8084647370316459 -0.29383477082280995 -0.0360025791895 -0.1829792861 -0.375908366242 0.907697799567
6280.0 2.5957757509558 0.783373821286062 -0.2730286407882725 -0.0308457308396 -0.148088687111 -0.322819385488 0.934294346548
6300.0 2.606689963435753 0.754073309177792 -0.2554324019305894 -0.0243707812012 -0.109170260972 -0.260764811427 0.958900220182
6320.0 2.6269792983050366 0.7267437929637688 -0.2442659186295275 -0.01526388726 -0.0710822618425 -0.191786859117 0.978740070942
6340.0 2.634891491084296 0.7045197642120437 -0.22820367953192394 -0.0066818398338 -0.036636154846 -0.12821411774 0.991047065071
6360.0 2.622230711419336 0.6741464308077815 -0.21019414123531172 -0.000616724220006 -0.00956489241275 -0.0784353036354 0.996873129153
6380.0 2.5980574913088215 0.6322141444744022 -0.18726191728971087 0.0047214167501 0.0114391369113 -0.0357026626074 0.999285832109
6400.0 2.5634567799132606 0.5826909025808927 -0.17359100373572806 0.00783373898306 0.0208299969653 -0.000985386476289 0.999751855599
6420.0 2.5261019427515756 0.5486401844929364 -0.16056789691858328 0.0086803299274 0.0116715300903 0.0244255427231 0.999595828383
6440.0 2.449127465171532 0.5299881396130819 -0.18805044541503793 0.00544954711053 0.00485351287591 0.0316702488536 0.999471731059
6460.0 2.4862937520335753 0.5326850997850503 -0.16521939093486046 0.00765122481594 0.00631001126844 0.0312568503744 0.999462181286
6480.0 2.417928698723367 0.5476495186993691 -0.21649469868061103 0.00317454353881 0.00588179837649 0.0327247629181 0.999442052654
6500.0 2.391357942478669 0.5777643130467042 -0.2519228855505414 0.00240682865194 0.00683522389638 0.0343643286587 0.99938309962
6520.0 2.3918589608036402 0.5881659061327014 -0.27688076879983525 -0.000135314546197 0.00571486338452 0.0384946372321 0.999242455529
6540.0 2.4140310236845592 0.5803551041998156 -0.2924235552515138 -0.000836567306192 0.00401423840875 0.0401361561757 0.99918580605
6560.0 2.4458104761426323 0.5682214228529514 -0.3083257517025883 0.0048547292879 0.00489830617212 0.0383551036289 0.999240373597
6580.0 2.484216003385152 0.5557728048707777 -0.3203712218887188 0.0109364497794 0.00374051452412 0.0353842682089 0.999306937923
6600.0 2.5176845256703126 0.5553893022995628 -0.33297883292086905 0.0172692418567 0.00887727972104 0.0342290515987 0.999225369582
6620.0 2.5370581337242433 0.5742272841723632 -0.34687851887685356 0.0246174612394 0.0215713200902 0.0432309198459 0.998528790932
6640.0 2.5507770025306336 0.6004239998628552 -0.35684540950877885 0.0264386856796 0.0399749943398 0.0602757909015 0.997030503424
6660.0 2.56077944188952 0.6274794043942616 -0.3566511995402842 0.0205962928115 0.0560556437852 0.0811741078955 0.994909202757
6680.0 2.5600581455645095 0.6488588134580723 -0.3512543275070426 0.0152238967081 0.0684355431053 0.0994627618375 0.992568369643
6700.0 2.5443324867998784 0.6542085547359154 -0.3400551425382004 0.0143171154578 0.0722736847466 0.107417666212 0.991480196314
6720.0 2.4598085470037256 0.5947709100733727 -0.28715874459648144 0.0160146339148 0.0428438838738 0.0683559223871 0.996611961091
6740.0 2.5098271522345166 0.6336159224386226 -0.3159453804285184 0.0136032949029 0.0608281535008 0.0954875103378 0.993477237524
6760.0 2.399943315474708 0.544402169461577 -0.25734256810619055 0.018560945004 0.026585872562 0.0343917324282 0.998882321118
6780.0 2.334200701503285 0.4825662438863676 -0.22116371764377832 0.0136401927065 0.0060003586666 0.000340731935263 0.999888906199
6800.0 2.258943428375361 0.4090887056096382 -0.17766857862767474 0.00308809544628 -0.0204545856963 -0.0388105426442 0.999032439599
6820.0 2.1859189047134686 0.3431706386147241 -0.1460144830348998 -0.00225530517545 -0.0402312863648 -0.0740475283467 0.996440324727
6840.0 2.111917830696682 0.29099869144159696 -0.12589309100417473 -0.00485406160938 -0.0614979141189 -0.10832709434 0.992199418099
6860.0 2.085082039196284 0.271925438861028 -0.14006228631571627 0.000533446489482 -0.0651310440379 -0.119772950506 0.990662456574
6880.0 2.1618260152776956 0.3210825473788334 -0.21198064496463584 0.0197489025664 -0.0381139946843 -0.0775028121379 0.996067577209
6900.0 2.2650507958990675 0.4215849349997297 -0.2830030332994347 0.0201947339029 -0.0113447006478 -0.00972487147873 0.99968439888
6920.0 2.3269146815911363 0.5323811411583385 -0.33447145952886387 0.007099845359 0.00467640240009 0.0344536725174 0.999370135589
6940.0 2.3401453893528403 0.6286169031726524 -0.3783989265986555 -0.0016090903382 0.0154259713899 0.0409174657189 0.999042146876
6960.0 2.327794134882215 0.7107959394741821 -0.41811300908810406 -0.00023495385205 0.0174532488112 0.0256934130515 0.999517472298
6980.0 2.3091823313827753 0.7854288532971591 -0.44889620519049445 0.00439786463974 0.00515593277049 0.0028796951368 0.999972890882
7000.0 2.2913497650304975 0.8637202859833603 -0.47312523666709994 0.0108298742041 -0.0116389834431 -0.0250204176642 0.999560516722
7020.0 2.2959455626427596 0.9517924748013689 -0.49688472279468837 0.0193128464595 -0.00983692083213 -0.0358281881832 0.999122910298
7040.0 2.3230504894931707 1.0483573553736352 -0.514790718254691 0.0181455352986 -0.00355966355636 -0.0271561813653 0.999460159365
7060.0 2.3538934223032304 1.1535149282691164 -0.5343660161097334 0.00750255578746 -0.00356334333977 -0.0191121686812 0.999782846047
7080.0 2.368614967077039 1.2502079542019315 -0.5475018303941274 -0.00765192068223 -0.0191158971046 -0.0285513555202 0.999380233287
7100.0 2.38420215066869 1.3314597483780117 -0.5669470872116964 -0.00841095765147 -0.0234303034676 -0.0390669855827 0.998926447397
7120.0 2.4056510687841604 1.3924252549954264 -0.5832075880876122 0.00408966015166 -0.0010875955732 -0.0294105471264 0.999558458287
7140.0 2.426990675306278 1.4470043256968628 -0.5882918597946433 0.00928232154902 0.0210644960278 -0.00781671524444 0.999704468569
7160.0 2.4333993751882255 1.4958994853720404 -0.5802754771481952 0.00359893755337 0.0234846499712 0.00677346046859 0.999694772967
7180.0 2.413634912684885 1.535531838073753 -0.568217772688865 -0.00307852346058 0.00947730555312 -0.000778932855884 0.999950047071
7200.0 2.380713068648567 1.5719566636200113 -0.5658019500932856 -0.00288874909787 -0.00673638165856 -0.0193262750553 0.999786362871
7220.0 2.3725423048523853 1.5847312774609912 -0.5636938243432954 -0.00134966728095 -0.0185615931178 -0.0324739302626 0.999299299265
7240.0 2.3962827966728466 1.5797483150844356 -0.5516722563101849 -0.00620738833367 -0.0338786955979 -0.0385638325437 0.998662371943
7260.0 2.4224506924432117 1.5911464284835508 -0.5610211011584586 -0.000735665371028 -0.0296866753293 -0.0386957462943 0.998809691244
7280.0 2.4495440745342094 1.6253402213406065 -0.5920433060777556 0.0143472257478 -0.00840892206867 -0.0274031527852 0.999486125147
7300.0 2.471342011526098 1.675909530809191 -0.6228924585702773 0.017504795944 0.00641299033829 -0.0124234219239 0.999749025637
7320.0 2.480097862127779 1.7331070070062649 -0.6431384946180256 0.00949053124713 0.00206906420478 -0.00374082986767 0.999945826024
7340.0 2.47894027746887 1.7925868716608166 -0.6666066865222283 0.00516866240495 -0.00137224345471 -0.00296718964867 0.999981298656
7360.0 2.4691177061285434 1.8505247963037221 -0.6930813351852747 0.00696668918235 -0.00266626580328 -0.0107448510302 0.999914448563
7380.0 2.45538504189652 1.9094056027367037 -0.7212971615966459 0.0114692097334 -0.00363522378402 -0.0221675863331 0.999681869643
7400.0 2.436889883466136 1.9694347039446871 -0.7472086798154984 0.0137927976887 -0.00717896492872 -0.0358429324496 0.999236461198
7420.0 2.416011036759058 2.0326756372543016 -0.7649118771061862 0.0106664269747 -0.0168567636391 -0.0515488338591 0.998471228721
7440.0 2.3962555549492306 2.099894213597014 -0.7796044060682147 0.00317977908056 -0.0286275768674 -0.0686296694703 0.997226312988
7460.0 2.3929169263864893 2.1517793890878782 -0.7873588038493357 -0.00613729896096 -0.0398913592708 -0.0837754069405 0.995666959484
7480.0 2.4188368902446595 2.1765696888265302 -0.7823399825685537 -0.020977784644 -0.0586385314055 -0.093686009744 0.993652045117
7500.0 2.456448782939614 2.196978028864659 -0.7784043691792129 -0.0245025741148 -0.0733421619414 -0.106650369994 0.991285150561
7520.0 2.4812366103700723 2.212168081884748 -0.7761117739238919 -0.013242468526 -0.0736528233552 -0.122753547486 0.989611775
7540.0 2.491035030213294 2.2061215125272944 -0.755484216340193 -0.00457075061979 -0.0690229189243 -0.130256190886 0.989064340494
7560.0 2.4883051590051264 2.192628731647158 -0.7312387270746686 -0.00598329055147 -0.0671023835295 -0.1324666315 0.988895374596
7580.0 2.4771430508661303 2.1822789228558017 -0.7091157475023684 -0.0103181515169 -0.0632798078878 -0.124980787544 0.990085352082
7600.0 2.450540747818384 2.171564030785391 -0.6926738874455971 -0.00697643333371 -0.0490125484115 -0.114167950614 0.992227180906
7620.0 2.386907575776843 2.143722752824303 -0.6706218297059771 0.00681152650482 -0.0242873693994 -0.070748807619 0.997175176694
7640.0 2.4164709538000144 2.1582029274358745 -0.6809501454991244 0.00213429641611 -0.0317733945726 -0.0983344546682 0.994643771006
7660.0 2.366330680561295 2.134252572648187 -0.6681887009162022 0.00918413466187 -0.0150607304375 -0.0357925377854 0.999203542982
7680.0 2.3603413725204283 2.142966208151447 -0.6794945621862224 0.010137039411 -0.00268573377147 0.00669661251883 0.999922588327
7700.0 2.3069716876778763 2.186466525348299 -0.7011565112582457 -0.00716372084896 -0.0040066212944 0.0380672808659 0.999241467423
7720.0 2.351874427903627 2.1666588228444557 -0.6926082040483628 0.00409053405929 0.00857097913413 0.0406765742399 0.999127230214
7740.0 2.172063082018256 2.1223170946662053 -0.6931959238877601 0.00150244117556 -0.018729244206 -0.0127940761997 0.999741601463
7760.0 2.245194398161508 2.1614006458915025 -0.6929220331322432 -0.00992734444386 -0.0156373657624 0.015019803749 0.999715622625
7780.0 1.9866566054543868 2.0722489637576045 -0.69405487873118 0.00509843522019 -0.063055642898 -0.0883139251867 0.994081808744
7800.0 2.082993652062377 2.0932354923279624 -0.6939604406585185 0.00877120663399 -0.0356038219691 -0.0480776297394 0.998170313781
7820.0 1.9005724820571896 2.0405853738335247 -0.693150167522666 -0.00016767578003 -0.0801003040351 -0.115383528318 0.990086134925
7840.0 1.8281449126406981 2.0002999345831203 -0.6916467378931793 0.000553375400285 -0.0811940997115 -0.12087068791 0.989341947333
7860.0 1.7630354000428257 1.9656820038026144 -0.6912743258352626 0.00269424874731 -0.0786002058403 -0.116758708563 0.990041490363
7880.0 1.7029782892498715 1.9387047182018968 -0.6934931209927931 0.00381889169002 -0.0766283097625 -0.107795626882 0.991208162312
7900.0 1.6441243544212996 1.9150689487803838 -0.6956425080454678 0.00118116530652 -0.0786737625455 -0.100013187249 0.991870155974
7920.0 1.5830082980581308 1.8897030558981271 -0.698140998773231 -0.000573402691222 -0.0759621800786 -0.0943025815691 0.99264114438
7940.0 1.5206544168256628 1.857644176114144 -0.7001855417339448 0.000276984784889 -0.0661780944234 -0.0871187944764 0.99399733337
7960.0 1.458152728004501 1.8135669245403199 -0.6927980660983493 0.00143618863679 -0.0551238655718 -0.0761920708545 0.995567207749
7980.0 1.3863429109022 1.7705500927113664 -0.6805914682288396 0.00269116356115 -0.0478560155236 -0.068990199648 0.996465208509
8000.0 1.3040240931462805 1.7380742154560975 -0.6703382599514782 0.00428297765182 -0.0482855032704 -0.0722844112318 0.996205365459
8020.0 1.2183213435015092 1.7120725044086782 -0.6684519069162392 0.00635902976035 -0.0547806256802 -0.0802407388595 0.995248747609
8040.0 1.135141784277862 1.6981508608983646 -0.6699626182644701 0.00519258555574 -0.0644105496565 -0.0917178229121 0.993686147186
8060.0 1.0553719902180112 1.6937488278550348 -0.6738219205028098 0.00255375739837 -0.0669650529612 -0.104110144482 0.992305516371
8080.0 0.9833822336725613 1.6782875870235128 -0.6706178572643032 -0.000156484327172 -0.0603112487884 -0.103484721023 0.992800806455
8100.0 0.9178204421770064 1.6505246199466943 -0.647264203954067 0.000135696135221 -0.0521846478565 -0.0933820518074 0.994261804815
8120.0 0.8585569824238627 1.6216174275248998 -0.6180973349525538 0.00665776317062 -0.0404940800905 -0.0800534780461 0.995945452482
8140.0 0.7999086616460761 1.6162134997480206 -0.5938154265183623 0.0098945161435 -0.0365886628104 -0.0700273173223 0.996824730398
8160.0 0.7425220798176998 1.610880251492457 -0.5692883327781797 0.00935740622477 -0.0350075320555 -0.0614556858843 0.99745180852
8180.0 0.5986860735158931 1.5461704517017358 -0.49267434105782737 0.00047083437613 -0.031205913015 -0.0608722505225 0.997657525619
8200.0 0.6779953929840425 1.5851062554049131 -0.5348904475025263 0.00642376515597 -0.0329416058682 -0.0570258438085 0.997808417975
8220.0 0.5070334041642063 1.495125939914867 -0.44688769981305543 -0.00323835934894 -0.0270855157424 -0.0718311857197 0.9970437145
8240.0 0.40666977683537625 1.4295527531404628 -0.3942303267148798 -0.00564898042055 -0.0285163438591 -0.0841932059691 0.996025306517
8260.0 0.31962711508206115 1.3441998956066805 -0.33919501947086 -0.00399648863159 -0.0326097006038 -0.0840329649824 0.995921229968
8280.0 0.25830288947697794 1.256078985632972 -0.2892596176796317 0.00167405638219 -0.03523220859 -0.0679561480832 0.997064617239
8300.0 0.14260631147892677 1.1374200619257706 -0.25532520258853125 0.0146969739326 -0.0362860125483 -0.047800062533 0.998089413967
8320.0 0.20326716349141635 1.1885936943966346 -0.2645239959324236 0.00954698493697 -0.0333972657131 -0.0536794068569 0.997953906251
8340.0 0.07964839092097795 1.0871242496767042 -0.2479506688406307 0.0131213293357 -0.0447641396361 -0.0476066558124 0.997776332071
8360.0 0.019473450156089124 1.0321804436402489 -0.2391589224968176 0.0100300502322 -0.0568519851333 -0.0488273504012 0.997137472835
8380.0 -0.033670704707034996 0.9596620652907056 -0.22940924260998452 0.010773757844 -0.0612341202014 -0.0506809539311 0.996777683124
8400.0 -0.08101253936370476 0.8850691660852656 -0.214734777699988 0.01235061512 -0.0588892477731 -0.0481454482995 0.997026345996
8420.0 -0.13790106329949928 0.8295456097778259 -0.1989779874092249 0.01620838608 -0.0435577288106 -0.0526238930233 0.997532324471
8440.0 -0.19872801564700318 0.7998234852849001 -0.18523430616883424 0.0150360344701 -0.0345300595898 -0.0585296153779 0.997574998071
8460.0 -0.25943370225703993 0.7829265131689602 -0.1760330262686718 0.00985775940701 -0.0346580681211 -0.0632897640909 0.997344498483
8480.0 -0.31663267477415474 0.7637457276287598 -0.15931137597273437 0.0052741177102 -0.0361600810318 -0.0651668269806 0.997205052576
8500.0 -0.3707017516767778 0.7478986921559594 -0.14815592842037129 0.00401058589872 -0.034060891719 -0.0653466971413 0.997273071946
8520.0 -0.4220696212154655 0.7518953145685081 -0.14762414745861085 0.0038199242284 -0.0320793838446 -0.0652245767555 0.997347520124
8540.0 -0.4677582905330073 0.7649925923543639 -0.15226431790438127 0.00406435104222 -0.0297982866689 -0.0617298255632 0.997639700392
8560.0 -0.5076961237413161 0.7848725750177141 -0.1607054662244528 0.00491316277555 -0.0290391681869 -0.0552358715628 0.998038870002
8580.0 -0.5409202654432614 0.8127996622533841 -0.17378621633785432 0.0049641676653 -0.0287612006682 -0.0457736829928 0.998525372898
8600.0 -0.5714122049832162 0.8458795249999668 -0.19246862981683394 0.00633993257559 -0.0234071461112 -0.0394320499765 0.998927937441
8620.0 -0.6004915727931822 0.8832375136461924 -0.2124821615631175 0.0072945375777 -0.0176602039568 -0.0357351570974 0.999178615396
8640.0 -0.6284744543790853 0.92050646999113 -0.2287732345394461 0.00637223815631 -0.0175885136277 -0.0326881627636 0.999290509704
8660.0 -0.6693944980446118 0.9223053888047794 -0.21839506664746025 0.0020476160448 -0.0221708009404 -0.0370923793845 0.99906377086
8680.0 -0.7246429543904838 0.8934068108530349 -0.19160335992360691 0.000775676042122 -0.0238745504625 -0.0455366963693 0.998677031603
8700.0 -0.7805179361353868 0.8467296032203281 -0.15305126684867965 0.000511909753141 -0.0254738644035 -0.0491342529514 0.998467147866
8720.0 -0.83431725337815 0.7931648153267962 -0.1108994595571077 0.000571936447156 -0.0273874900756 -0.0494500818422 0.998400865225
8740.0 -0.8828579923710429 0.7453487873679883 -0.0758382845373453 0.0028556939938 -0.0271557443598 -0.0452045964751 0.998604503804
8760.0 -0.9308403056672472 0.6873341898522808 -0.03931077538882522 0.00354639273746 -0.0284914486438 -0.0413904332867 0.998730440352
8780.0 -0.9800018662484804 0.618245176890423 -0.0005569185227615477 0.00284340776633 -0.0287944704438 -0.042922760296 0.99865931636
8800.0 -1.028402847851238 0.5422957209321124 0.037512142194594894 0.0020760509424 -0.0282756779569 -0.0461445371796 0.998532351873
8820.0 -1.0739857972273184 0.4721135372501818 0.07448496285036306 0.00394650882336 -0.0260838405908 -0.0444870122535 0.998661586359
8840.0 -1.1197001775577156 0.4144176525796129 0.1080608306159577 0.00601415534734 -0.0225225535966 -0.0434946805202 0.998781646448
8860.0 -1.1629194185961125 0.36102548191199174 0.13507522424853166 0.00700973234981 -0.0203545292388 -0.0445620495764 0.998774639511
8880.0 -1.206123242050813 0.30324781906964215 0.166233242387478 0.00587591752116 -0.0234873915185 -0.0451012905762 0.998688985431
8900.0 -1.250433825886952 0.24745213141016723 0.19410386910223887 0.00389625575447 -0.0272934550403 -0.0471385604078 0.998507807994
8920.0 -1.294669315406588 0.19607844655236387 0.2182031159526642 0.00311507209912 -0.0283223869233 -0.0492137358178 0.998381764122
8940.0 -1.3384471965095006 0.1687849148281884 0.22506992106766502 0.00699064629739 -0.0232879042586 -0.0507507314474 0.998415328226
8960.0 -1.3788753384188144 0.1528734836019163 0.2252091430289243 0.0105802992564 -0.0190232978162 -0.0490221789335 0.998560462556
8980.0 -1.4148799275705632 0.14378350868230966 0.22540464819045952 0.0109573818146 -0.0171339174921 -0.0451928905105 0.998771228712
9000.0 -1.4474328935987126 0.1438734448801045 0.21915249741789647 0.0111149348558 -0.0139253113651 -0.0382841758301 0.999108035103
9020.0 -1.4757853053450525 0.15427156977480944 0.2088711634051683 0.0119590389655 -0.00850615458167 -0.0278890104121 0.99950329155
9040.0 -1.5040235757629923 0.17479676774169037 0.19817596583722172 0.0100871726959 -0.00399047543349 -0.0178184165237 0.999782390866
9060.0 -1.5341868063554454 0.19619260923994528 0.1898040620454328 0.00735363739081 -0.00349063575869 -0.0111977391388 0.999904170467
9080.0 -1.5737064985896705 0.20300289028402535 0.1911633325509213 0.00649102495664 -0.00498715919577 -0.0111616984483 0.999904201074
9100.0 -1.6199447912947087 0.200548325025875 0.19829620646018384 0.0072450896155 -0.00631975791261 -0.0181146744623 0.999789691838
9120.0 -1.666976268537917 0.1863268267315425 0.21379434219578897 0.00785234298324 -0.0106407007829 -0.0271464892031 0.999543988187
9140.0 -1.7129894915403645 0.15735708364809972 0.24045940593830933 0.00612455870511 -0.018133817266 -0.0351408565398 0.99919906658
9160.0 -1.753412735394096 0.11313624092468609 0.27603725272841323 0.00373915624055 -0.0249526761644 -0.0363244793814 0.999021478678
9180.0 -1.7931711425705152 0.05828323941148811 0.31490841468265 0.00303215689407 -0.0272419588464 -0.0373644028434 0.998925714507
9200.0 -1.8376299654196142 -0.004888476616584144 0.3567938213817073 0.00168261909353 -0.0294128806151 -0.0448295043502 0.998560146805
9220.0 -1.8891304486895344 -0.07254162575496179 0.4023686226294718 0.00125905704048 -0.0275114462909 -0.0517917425302 0.99827809277
9240.0 -1.943645064398673 -0.13760577757429612 0.4420782874791342 0.00342095236423 -0.0212779698394 -0.0557307113762 0.998213220156
9260.0 -2.0013972876674697 -0.1917536574924359 0.47280848140907905 0.00434093268758 -0.0212326089818 -0.0563423800872 0.99817627142
9280.0 -2.061977239129184 -0.24370276643814576 0.49936951152569736 0.0046176294362 -0.029039665161 -0.0578915275258 0.997889746609
9300.0 -2.125306135072222 -0.29125080971492956 0.5164720368694315 0.00585264093937 -0.0381729436298 -0.0612199951546 0.99737690226
9320.0 -2.1871648623522884 -0.3266593006926264 0.5159092104429945 0.00872049169834 -0.0476639036228 -0.063765642234 0.996787865188
9340.0 -2.239250555633556 -0.339307166998183 0.49963213482666735 0.0110822993924 -0.0552963076039 -0.0629290073258 0.996423324216
9360.0 -2.2823899619716843 -0.3325152850910789 0.4818822417227747 0.00862123899904 -0.0558471500662 -0.060378272962 0.996574750945
9380.0 -2.3217453954463587 -0.3107716530766625 0.4649095021676731 0.00390633819355 -0.0469671855012 -0.0589196949037 0.997149584346
