0.0 3.31933952864 -3.66047233849 0.492452121279 0.0190053063383 0.0808988957812 0.0941809113794 0.992080703836
20.0 3.26241386386 -3.71128202889 0.530703396979 0.0171425995457 0.0798864610923 0.0820748246458 0.993271366634
40.0 3.19694175188 -3.78272882009 0.59163996464 0.0113396833752 0.0734133228407 0.0700969310284 0.994770484017
60.0 3.14724411561 -3.87444359651 0.668220206656 0.00655178330825 0.0668579152949 0.0673651186636 0.99546423044
80.0 3.12165613024 -3.97266325823 0.742279681564 0.00655702771534 0.0670716973629 0.0760456805173 0.994824329857
100.0 3.10259591803 -4.0616314912 0.802048732791 0.0127705494016 0.0748571682121 0.0922974674766 0.992831554158
120.0 3.07431503523 -4.14553590576 0.852636458446 0.0212346723451 0.0842933776663 0.103388814145 0.990835237707
140.0 3.03132222806 -4.22431492115 0.905513814101 0.0251152637748 0.0823451296332 0.104220488757 0.990821170986
160.0 2.99280706998 -4.31816921688 0.968301496763 0.0209083252892 0.0609070563964 0.0938371826318 0.993502770792
180.0 2.95380080466 -4.43353077111 1.04026154011 0.0136246110981 0.0375298947212 0.0672469126868 0.996937174404
200.0 2.92824626886 -4.55792238753 1.11036421411 0.00763195150074 0.0352056204365 0.044904015647 0.998341598344
220.0 2.90891123126 -4.66872845616 1.17407050264 0.00211873575012 0.038257405589 0.0353460531136 0.998640344872
240.0 2.87154797322 -4.75796170035 1.22443435922 0.00264115564242 0.0378737064785 0.02632468868 0.998932238653
260.0 2.80823056493 -4.83050826433 1.26715674904 0.00468317071443 0.0266181928124 0.00506605838822 0.999621865895
280.0 2.73180021956 -4.8936140734 1.30816357588 0.00339845541494 0.00392140318185 -0.0211460716256 0.999762930275
300.0 2.65165550909 -4.96175872915 1.35231306793 -0.00143612227524 -0.0193436030479 -0.0482020566845 0.99864924989
320.0 2.57238942128 -5.03579022783 1.40099446242 -0.00878931034745 -0.0352087312837 -0.0774775106688 0.996333442481
340.0 2.50001695348 -5.11129688248 1.45386364973 -0.0187971624695 -0.047625533268 -0.103886521889 0.993270389085
360.0 2.44081200738 -5.18456348395 1.50258575356 -0.0284068821937 -0.0576099118513 -0.120692426383 0.990609653352
380.0 2.39157566578 -5.25374253094 1.54103519698 -0.0317722369053 -0.0626484685518 -0.131492814582 0.988825229281
400.0 2.3462847787 -5.32449940103 1.57542208069 -0.0315041682815 -0.0656815898279 -0.138736694927 0.987646467932
420.0 2.29939236605 -5.40078022661 1.61260871788 -0.0324626824707 -0.0677538377835 -0.144481416436 0.9866512616
440.0 2.25008761483 -5.4832136377 1.6542209962 -0.0354111071098 -0.0707961120833 -0.149894700899 0.985528052695
460.0 2.19886306214 -5.56941494469 1.69689991898 -0.0373772977473 -0.0744241713386 -0.153666015583 0.98460689414
480.0 2.14734113197 -5.65596232278 1.73755886851 -0.0372458154967 -0.0778212459169 -0.155864710999 0.984003452625
500.0 2.09352160338 -5.74384536377 1.77848710324 -0.0357110190683 -0.0785762754048 -0.157093273411 0.983804958063
520.0 2.03129665221 -5.82349799461 1.81543777097 -0.035144016082 -0.0778128260342 -0.159575795281 0.983486465488
540.0 1.96339689887 -5.89208943274 1.8451737424 -0.0362553313887 -0.0816082041392 -0.166775306232 0.981942793239
560.0 1.88982478285 -5.9423895547 1.86204974255 -0.0351114412264 -0.0872267699053 -0.178348025877 0.979464475605
580.0 1.81600366863 -5.97620394735 1.8675384568 -0.034227474005 -0.096096063064 -0.19092862437 0.976289038699
600.0 1.74098639024 -5.99715223084 1.86563687134 -0.0365113595442 -0.110970945703 -0.20907529356 0.97089643704
620.0 1.66273604306 -6.01330989429 1.86401953497 -0.0427547140851 -0.12707328391 -0.233774582202 0.963002523183
640.0 1.56826133375 -6.03417287802 1.87031935948 -0.0496916120068 -0.13913465239 -0.263344728218 0.953321481097
660.0 1.46136480241 -6.05393851403 1.88441230617 -0.0590381817063 -0.149839104748 -0.29092187585 0.943094479859
680.0 1.34592392057 -6.07280208459 1.90145168909 -0.0700872133159 -0.161315935711 -0.316321171016 0.932204842394
700.0 1.2291177232 -6.09337539807 1.91926054666 -0.0797650009313 -0.173477713827 -0.339896160154 0.92087655402
720.0 1.11342574742 -6.11793130061 1.93728509282 -0.0877792445319 -0.187476843518 -0.360536581686 0.909483705538
740.0 1.0023095298 -6.14469688852 1.95358648945 -0.0908863588108 -0.19889527036 -0.375400357775 0.900696903843
760.0 0.896058308397 -6.17907717624 1.97092679364 -0.091692698031 -0.206337249903 -0.385835514894 0.894510113904
780.0 0.795690151755 -6.21238261086 1.98754335747 -0.0914456573505 -0.210897179996 -0.392632575058 0.890505324086
800.0 0.716025874316 -6.23787965851 1.99173953268 -0.0900276568972 -0.213675354374 -0.39446918782 0.889174855575
820.0 0.667008839548 -6.23475134947 1.97881501751 -0.0853197857974 -0.219135975887 -0.399236661796 0.886177209198
840.0 0.657942484781 -6.1948745184 1.98186432415 -0.0820162974426 -0.231111910788 -0.404659446461 0.880971817958
860.0 0.681423874931 -6.12732613162 2.00578696508 -0.081360421862 -0.240730022864 -0.410790584521 0.875603011367
880.0 0.734733536602 -6.04828982756 2.05238388187 -0.0798970782534 -0.241420119168 -0.414348672488 0.873869532914
900.0 0.805932007306 -5.95613172189 2.10683558482 -0.0758629578848 -0.236363810628 -0.419490638033 0.87315781234
920.0 0.888360475181 -5.86853314928 2.14528667196 -0.0818416987287 -0.226835375828 -0.418115563012 0.875800790471
940.0 0.977775942352 -5.78411569627 2.17244157832 -0.0985476997061 -0.221651544487 -0.407501518234 0.88039846453
960.0 1.06065497984 -5.73032572426 2.18462647647 -0.100030585114 -0.207247007524 -0.394889152916 0.889440901254
980.0 1.12059637257 -5.71116225179 2.17500688599 -0.0828839226563 -0.188345951215 -0.37994208303 0.901831509523
1000.0 1.13146056867 -5.69100274773 2.15397785422 -0.0654337274436 -0.18908844905 -0.373244368336 0.905898795261
1020.0 1.10611482118 -5.66252952025 2.13644444204 -0.0651882245942 -0.210481039731 -0.372541354606 0.901477213465
1040.0 1.07004445519 -5.64727175198 2.12118332746 -0.0625906251673 -0.22202847683 -0.379470790725 0.895984200812
1060.0 1.03561621266 -5.63975526019 2.10274668202 -0.0543539750823 -0.219675322888 -0.38967222034 0.892717177275
1080.0 0.996094828616 -5.6412034753 2.08655784077 -0.0491716178374 -0.214041874476 -0.399108023969 0.89021402661
1100.0 0.935437310998 -5.65674743746 2.08140260538 -0.0541298997077 -0.218838317549 -0.406804134046 0.885262752663
1120.0 0.855886263173 -5.68953753584 2.08645992296 -0.0619989299475 -0.228776645048 -0.415309721001 0.878256918565
1140.0 0.776388169357 -5.73522893566 2.10428918768 -0.0638842067307 -0.236071013032 -0.420122619307 0.873891451888
1160.0 0.702457903812 -5.79558928423 2.13065278801 -0.0724888321211 -0.24274765142 -0.413891491929 0.874364214648
1180.0 0.623219882821 -5.86895896025 2.14566363883 -0.06898943244 -0.239949512267 -0.411633456873 0.876483078534
1200.0 0.511810838553 -5.92539833149 2.14810978426 -0.0531627205047 -0.237997138132 -0.42419607022 0.872117412622
1220.0 0.338485789921 -5.94945631028 2.14737353216 -0.0548339443251 -0.255306320566 -0.450231118987 0.853875787644
1240.0 0.140550011101 -5.93118652316 2.14778679324 -0.0729198790977 -0.285250074158 -0.488662819446 0.821293939657
1260.0 -0.0390567303284 -5.90196686742 2.14644732456 -0.0995861403185 -0.310079266008 -0.521102490932 0.788914218019
1280.0 -0.194996753882 -5.8683938553 2.12962595635 -0.11268369306 -0.324586419856 -0.548098024941 0.762584156942
1300.0 -0.342912036924 -5.83091922633 2.11187852539 -0.117100475023 -0.332207778678 -0.574013528723 0.739211701327
1320.0 -0.483440319215 -5.79103466902 2.09761199522 -0.122949604447 -0.336927607932 -0.593008113374 0.720905374687
1340.0 -0.622953627791 -5.75770947825 2.09368662202 -0.127608926571 -0.338380273761 -0.601247590677 0.712541989565
1360.0 -0.750714587107 -5.71927412071 2.09997154903 -0.129028395822 -0.336381642391 -0.601534028045 0.712990797162
1380.0 -0.856960639545 -5.67133299149 2.10649245093 -0.124532572502 -0.334543133275 -0.599784903505 0.716121916919
1400.0 -0.966913361761 -5.60288606685 2.10470760698 -0.124176859911 -0.337141749627 -0.608594526527 0.707480212022
1420.0 -1.07989007119 -5.52575621063 2.09589483099 -0.128322630433 -0.340612948885 -0.622501642472 0.692825971432
1440.0 -1.19034823211 -5.45988695902 2.09564462005 -0.133751606811 -0.340632207463 -0.630329481245 0.684664116182
1460.0 -1.2885031077 -5.40177674385 2.09989349028 -0.136257324256 -0.341688726804 -0.632728223986 0.681423326672
1480.0 -1.38050456696 -5.34541882581 2.09953704117 -0.132024753122 -0.344229786272 -0.634311513302 0.679502923393
1500.0 -1.47182276658 -5.28478113523 2.09227268063 -0.126731193983 -0.345449004352 -0.638639328075 0.675828379472
1520.0 -1.55755845104 -5.2086955152 2.08038726395 -0.12694383911 -0.348716731094 -0.648535400881 0.664592910714
1540.0 -1.63371260476 -5.12168043824 2.0663365514 -0.132232148848 -0.357500617893 -0.659492674854 0.647902291115
1560.0 -1.71143417631 -5.03110823175 2.05449147885 -0.135419158728 -0.367119487138 -0.671109736683 0.629679803505
1580.0 -1.79298671313 -4.93349348687 2.04210775054 -0.137024284366 -0.375986340695 -0.684279941109 0.609606085354
1600.0 -1.87736753227 -4.82844191959 2.03032518838 -0.139390272401 -0.383693578002 -0.698075855416 0.588251383547
1620.0 -1.95157254223 -4.73433654825 2.02549628778 -0.139280281727 -0.389477206134 -0.704665620481 0.576502274355
1640.0 -2.02898998977 -4.65389238735 2.0248546411 -0.13911923685 -0.392715139635 -0.705651752494 0.573128485805
1660.0 -2.10588559493 -4.57489131631 2.01816325184 -0.139004700179 -0.393946396018 -0.705547173339 0.572439618288
1680.0 -2.18673344628 -4.49486193926 2.00785252701 -0.141019326248 -0.392720855612 -0.706041813329 0.572179025326
1700.0 -2.26707095577 -4.41326597328 1.9952732342 -0.142672956816 -0.390094826671 -0.707434979422 0.571844562349
1720.0 -2.34534477976 -4.33146957467 1.97920641123 -0.144247724087 -0.388245480088 -0.708378983772 0.57153937453
1740.0 -2.42829581632 -4.24217948712 1.95927145779 -0.148542279435 -0.388722049945 -0.711071912627 0.566751351282
1760.0 -2.51675680357 -4.13395627173 1.92454871448 -0.154369375477 -0.391496298694 -0.719799980539 0.552076744701
1780.0 -2.6114612757 -4.01020380391 1.88191979465 -0.159669566196 -0.394103776533 -0.7311118166 0.533538522115
1800.0 -2.70459531617 -3.89535910415 1.84082403229 -0.160382997469 -0.398758209946 -0.738048202769 0.520148089023
1820.0 -2.79416773586 -3.79735868823 1.80617409313 -0.155245225174 -0.402102476912 -0.737343479376 0.520131821314
1840.0 -2.87918174035 -3.72528661814 1.76650753942 -0.147106815621 -0.402057483758 -0.729016710859 0.534082390498
1860.0 -2.96544846196 -3.64880877905 1.72544044623 -0.144872612968 -0.400790793888 -0.720451503696 0.547109035173
1880.0 -3.05695708821 -3.55856190113 1.67458544399 -0.151697716874 -0.400542554178 -0.718551763595 0.547938708271
1900.0 -3.15029157039 -3.44979958741 1.62737822065 -0.156869669709 -0.400419040478 -0.722121146396 0.541846425361
1920.0 -3.23048356642 -3.34518466595 1.58945339313 -0.152085709912 -0.402241914193 -0.724295655676 0.538950074196
1940.0 -3.30437491588 -3.2472795516 1.55619121916 -0.142109900431 -0.40379383288 -0.72480643115 0.539824929113
1960.0 -3.37432622933 -3.14231179666 1.52456443178 -0.138418105479 -0.403888364985 -0.727363907052 0.537267497085
1980.0 -3.44143961043 -3.03325297347 1.4977977497 -0.144788244707 -0.403394113461 -0.731541849493 0.530241525967
2000.0 -3.49380635621 -2.93054686365 1.47355128001 -0.152591630443 -0.403662794202 -0.734935368234 0.52310816034
2020.0 -3.5407668875 -2.83910999415 1.44770241103 -0.157992089347 -0.406415589537 -0.740563415591 0.511302939336
2040.0 -3.59710541783 -2.75329128684 1.42068840624 -0.157596688146 -0.406274689058 -0.746395771786 0.502988581159
2060.0 -3.65865633313 -2.66751206336 1.40415773188 -0.155752944733 -0.40581901579 -0.751604169754 0.49612812724
2080.0 -3.71538076857 -2.57830186481 1.39073255482 -0.156116958041 -0.405783578817 -0.759664211876 0.483608796208
2100.0 -3.76559467849 -2.47783456749 1.37704317832 -0.161431604238 -0.407507088874 -0.771371742507 0.461371265396
2120.0 -3.80472415025 -2.37255341923 1.35885225285 -0.165980903474 -0.413023499903 -0.784883905566 0.431067492388
2140.0 -3.83893490698 -2.26772461399 1.34620774418 -0.166981253698 -0.420844945582 -0.798072712349 0.397601230501
2160.0 -3.87266712892 -2.16493800392 1.33145179323 -0.163131886549 -0.428741540277 -0.809236404976 0.367021961324
2180.0 -3.91833090523 -2.06349682792 1.31075028401 -0.161187312576 -0.432804834058 -0.817472844174 0.344146444003
2200.0 -3.97141413715 -1.95796971268 1.28701890251 -0.16407084881 -0.435698354977 -0.822216719582 0.327425359556
2220.0 -4.02252800906 -1.84791246914 1.26435507728 -0.166965269466 -0.439663670898 -0.826005079803 0.310699313525
2240.0 -4.06209290066 -1.72701256899 1.23627532088 -0.170626228961 -0.443666940973 -0.830919201415 0.289170565925
2260.0 -4.0895983679 -1.59870499989 1.21249363734 -0.166639647577 -0.45012546441 -0.83724412724 0.261993445618
2280.0 -4.1051115845 -1.46156984236 1.19947734492 -0.164508663048 -0.456936738279 -0.844132832538 0.227124366867
2300.0 -4.10991403148 -1.32098712133 1.19508771492 -0.162541786144 -0.462345918372 -0.849890353995 0.193656411484
2320.0 -4.11719360753 -1.1873016689 1.19516515361 -0.160218749427 -0.466227727869 -0.851348096359 0.179354612218
2340.0 -4.12563171513 -1.05868454685 1.18845326041 -0.160021811835 -0.469821735937 -0.849924347904 0.176887419052
2360.0 -4.12700967193 -0.925277864002 1.1714954915 -0.166445578493 -0.470875899071 -0.848892554309 0.173069894301
2380.0 -4.12864812257 -0.797509096793 1.14310406947 -0.170414888476 -0.470943206104 -0.848037432392 0.173215979842
2400.0 -4.13123214192 -0.673243161429 1.09187415412 -0.169021979592 -0.470463494905 -0.847751189242 0.177238797994
2420.0 -4.13040887446 -0.535974024492 1.02648153461 -0.168602569831 -0.469325562272 -0.848004057363 0.179431905578
2440.0 -4.11564767045 -0.383812296524 0.942592719618 -0.17147421735 -0.469351150224 -0.84919546213 0.170801515406
2460.0 -4.09006965342 -0.220816132562 0.837678465151 -0.175720395748 -0.470259048126 -0.851126785338 0.153499073138
2480.0 -4.06851292364 -0.0553768646434 0.724457729127 -0.177533219725 -0.471467736132 -0.852286917356 0.140737842048
2500.0 -4.05502800899 0.107682862486 0.615184691065 -0.173406091773 -0.472394961447 -0.852572818187 0.14104225404
2520.0 -4.04270829605 0.268645931299 0.507791455748 -0.17069308863 -0.473230097201 -0.851857466852 0.145794378374
2540.0 -4.01030631059 0.439755008605 0.399347325276 -0.168212490276 -0.47583184993 -0.851836287626 0.14022677273
2560.0 -3.97472479268 0.610486448879 0.3026787814 -0.168740899024 -0.476486927902 -0.853173904505 0.128767252076
2580.0 -3.94204724534 0.78416537389 0.220415608135 -0.170827879426 -0.472103585251 -0.857244455794 0.114315280758
2600.0 -3.90645066163 0.952960806214 0.171371802898 -0.165244639333 -0.47296946757 -0.860189868672 0.0952233256765
2620.0 -3.86895085434 1.11463158133 0.157016864105 -0.156019832792 -0.478530842209 -0.861178196701 0.0709799856103
2640.0 -3.8308891997 1.27825547 0.156799299473 -0.153665773449 -0.479099244071 -0.863257012094 0.0404731450618
2660.0 -3.79641384725 1.43630426951 0.15783836051 -0.157057398358 -0.476260991192 -0.865093683272 0.0110163992835
2680.0 -3.77570549571 1.5901993562 0.137730792201 0.162280616106 0.470917171588 0.867050833872 0.0111745523508
2700.0 -3.76366888126 1.74276211588 0.0933727043697 0.167411327603 0.466368240319 0.868213879255 0.0260532470291
2720.0 -3.75351871747 1.89712392377 0.0386410701006 0.165960502171 0.466065634999 0.868501711347 0.0307361835452
2740.0 -3.7405349391 2.05347807536 -0.0256745929487 0.16706587477 0.465369965781 0.868586330671 0.0328264315563
2760.0 -3.71757575593 2.2143434651 -0.100597654452 0.169471606006 0.466387747216 0.867223335653 0.0410552080055
2780.0 -3.67633235409 2.37126214622 -0.183395204772 0.169935179831 0.468043249249 0.865123882026 0.0601516436665
2800.0 -3.60706576701 2.50784296727 -0.26754366278 0.169866740849 0.468263510816 0.861790643757 0.09587210817
2820.0 -3.5301830788 2.63606713849 -0.357329515189 0.171679041408 0.465098344854 0.85695400414 0.140853367528
2840.0 -3.44779085389 2.76464941619 -0.446924264491 0.171210311141 0.461705431497 0.850548238224 0.184615325309
2860.0 -3.3607224156 2.8985339799 -0.527193616005 0.166510871578 0.456896574367 0.844423602529 0.224651796052
2880.0 -3.27217225742 3.03486365788 -0.603299986187 0.159799027274 0.454055286263 0.837179148707 0.259671216867
2900.0 -3.17569074551 3.16862683679 -0.675696947041 0.154127925935 0.453348762789 0.828360032122 0.290756150249
2920.0 -3.05743908982 3.2791764397 -0.731843730496 0.15080148766 0.450808119465 0.814900695897 0.331613942064
2940.0 -2.9321627925 3.37099803917 -0.772364525429 0.14752058195 0.444354463322 0.797591895413 0.38030771383
2960.0 -2.80090470983 3.45262231589 -0.801454697942 0.141345284185 0.432160179069 0.778689543098 0.432321276061
2980.0 -2.66212597732 3.52838788726 -0.824413762654 0.131950415109 0.417216612171 0.757048273844 0.485177593827
3000.0 -2.52145571126 3.60827644845 -0.853948387958 0.123201151294 0.404562396496 0.734001297895 0.531406471875
3020.0 -2.36999111701 3.70178378256 -0.902051610382 0.120904828109 0.392677403344 0.715472044642 0.565054185702
3040.0 -2.20515733062 3.80085289392 -0.970392573464 0.123457455572 0.383194353911 0.701712010771 0.58781000139
3060.0 -2.01845842628 3.88755674504 -1.05031586747 0.122465209456 0.382633507741 0.6902046054 0.601840073367
3080.0 -1.80427323967 3.95132952243 -1.12791252153 0.11791441311 0.385413066279 0.679084961497 0.613511674372
3100.0 -1.57563726375 3.99559189835 -1.1914806406 0.114049380258 0.383176609736 0.670294311374 0.625199136879
3120.0 -1.36821583849 4.03057947835 -1.24711881826 0.114528834608 0.373482854688 0.662866912199 0.638749684938
3140.0 -1.18082705348 4.05602727414 -1.30348958031 0.117117847748 0.366060009385 0.654626648881 0.650958854186
3160.0 -1.01807885764 4.05193169723 -1.35108637621 0.115962535076 0.375711380121 0.642737279758 0.657481892158
3180.0 -0.884433956434 4.02984316125 -1.38052691209 0.111749118397 0.390980772842 0.637184027603 0.654708091269
3200.0 -0.764502983308 4.00414758515 -1.39103395966 0.112455172423 0.391173380302 0.640988227411 0.650746734958
3220.0 -0.635121408003 3.99275032538 -1.39536918575 0.115708088237 0.370777432522 0.652333566954 0.65084303121
3240.0 -0.498488623588 3.99623277367 -1.41548529756 0.11555119932 0.351979452067 0.66108879925 0.652472210262
3260.0 -0.370741532164 3.99808219724 -1.46095643061 0.113102486368 0.358724588122 0.660370500547 0.649950228449
3280.0 -0.247904947212 3.99932631192 -1.52107568369 0.11479139476 0.373862288574 0.65683844178 0.644680685512
3300.0 -0.123849287632 4.00970072633 -1.58035873148 0.123010156627 0.377750930814 0.658903404102 0.638763680635
3320.0 -0.00148059438859 4.02863001894 -1.63425548738 0.130818020738 0.374221714907 0.66626961598 0.631608701938
3340.0 0.120258143743 4.05151072847 -1.69007561768 0.130432922229 0.373905408301 0.674325757128 0.623271025892
3360.0 0.243964731914 4.04854727464 -1.73063913055 0.126251039368 0.362317736919 0.66398460822 0.641802907923
3380.0 0.360579708066 4.02421464085 -1.76107530205 0.119535612439 0.344388078332 0.636386438555 0.67979437309
3400.0 0.458699684114 3.99124416396 -1.77789043213 0.10982648942 0.323719486889 0.595654946669 0.72686932838
3420.0 0.53712106589 3.96316190553 -1.78776138736 0.0968945914756 0.301102181828 0.5484237615 0.774067369202
3440.0 0.571760087484 3.95155751445 -1.79761336071 0.0864511527461 0.27852394866 0.495053338755 0.818457573732
3460.0 0.568201362712 3.98094509715 -1.80904859142 0.0804743966275 0.247828369798 0.44392217705 0.85734361334
3480.0 0.576203287735 4.04420740552 -1.82413259342 0.0735806082313 0.234073215953 0.412443258922 0.877317606022
3500.0 0.607684980905 4.11073933253 -1.82591379465 0.0652936617408 0.230018018651 0.393116547211 0.887855747935
3520.0 0.624231367913 4.18354603168 -1.81191599286 0.0581646327045 0.21431233221 0.368982985418 0.902517953415
3540.0 0.630578983168 4.26145717684 -1.78714766242 0.0487197400209 0.19249527368 0.339693410447 0.91933690421
3560.0 0.634951289657 4.33816791961 -1.75802268236 0.0384757429045 0.16996352201 0.30688750251 0.935655961984
3580.0 0.635922251583 4.41222334579 -1.73216883362 0.0301967317196 0.152331318617 0.26859563073 0.950652257092
3600.0 0.633274582047 4.48695310874 -1.70708165934 0.0227325208948 0.132432424143 0.226127788056 0.96478552487
3620.0 0.628092143638 4.56559861789 -1.69268633046 0.0168409793763 0.111688804679 0.182540496536 0.976688773073
3640.0 0.644889892757 4.63899722648 -1.68241167327 0.00992893368395 0.0928803956935 0.147438362207 0.984650485056
3660.0 0.692174454498 4.70373925857 -1.68325178482 0.00547930770426 0.0798115671961 0.127982054426 0.98854473074
3680.0 0.782346200805 4.78227874702 -1.71802867424 0.0142968632551 0.0956300792241 0.143545712761 0.98490868409
3700.0 0.900877605982 4.87905039931 -1.77687987477 0.0280274216597 0.128882211508 0.190425995165 0.972800996894
3720.0 1.03047478187 4.99838504983 -1.84895430395 0.0376169322428 0.169808668753 0.259045426641 0.950076549211
3740.0 1.1576669844 5.13080801518 -1.92359198131 0.0412563835977 0.210008985438 0.339367506948 0.915982440921
3760.0 1.26842632247 5.27319591385 -2.00706267852 0.0473458725035 0.247782674397 0.420667017562 0.871436386066
3780.0 1.35723806431 5.42096230563 -2.1042459443 0.063579430476 0.286367500134 0.496652124652 0.816876966235
3800.0 1.41892648409 5.56828904333 -2.21067070234 0.0859722756299 0.323541594516 0.569806511908 0.750499928999
3820.0 1.45495648458 5.71678037023 -2.30364121104 0.106357487949 0.359986734906 0.637070153324 0.673230462169
3840.0 1.46829871083 5.85785579425 -2.38705639228 0.117484577132 0.392027218455 0.70038035012 0.584790047189
3860.0 1.4614611303 5.98273024237 -2.46488851548 0.12336364557 0.421917026692 0.755629095896 0.485584290288
3880.0 1.43427814287 6.08949152119 -2.53296102178 0.13328704626 0.44570421467 0.799214930177 0.380575632045
3900.0 1.39659094538 6.17406778513 -2.58679079995 0.145280231822 0.460538525193 0.831302427339 0.275198465394
3920.0 1.35481876821 6.23484604484 -2.63155906077 0.154681144805 0.471966492913 0.851845744695 0.166373676568
3940.0 1.32024547344 6.27803053266 -2.67063768908 0.154974909346 0.482674763069 0.86037180512 0.0526137579474
3960.0 1.26597637747 6.23866957229 -2.66238078758 -0.1613672833 -0.483193376635 -0.857340673535 0.0738358324804
3980.0 1.22278827851 6.14165180612 -2.60484530698 -0.168642431365 -0.458443934701 -0.846030028568 0.213593257945
4000.0 1.22161720306 6.00168603864 -2.5379295923 -0.162516281807 -0.421695679084 -0.815337945903 0.361918839464
4020.0 1.28030454303 5.84010597573 -2.47545645296 -0.152318278203 -0.379743756644 -0.761455796137 0.502771212327
4040.0 1.38603712041 5.69163971756 -2.43313159437 -0.141193112954 -0.342123488036 -0.691636014486 0.620206132874
4060.0 1.52110605775 5.57122358353 -2.41247213471 -0.127439007492 -0.309791669159 -0.608456358964 0.71942288004
4080.0 1.69332566335 5.47076257317 -2.40601194023 -0.107209652106 -0.270204576064 -0.51737762727 0.804870156218
4100.0 1.88221471236 5.39683981678 -2.40733652695 -0.0878117888199 -0.21736217764 -0.425310490573 0.874158887208
4120.0 2.08636585529 5.34911921087 -2.4163159102 -0.0721736008123 -0.161612141709 -0.330921483836 0.926910706883
4140.0 2.30255152675 5.33057286094 -2.43547723437 -0.0538446807898 -0.101496683888 -0.235354775822 0.965094452895
4160.0 2.52507875557 5.34100454 -2.4724913433 -0.0352153502467 -0.043908976351 -0.131977479843 0.989653386655
4180.0 2.74893312788 5.38360644034 -2.52206974893 -0.0179375526191 0.00717185755879 -0.0284311314784 0.999409065112
4200.0 2.9588895148 5.45102345793 -2.58203375382 0.000152874896604 0.0549544205908 0.0662732489383 0.996287029305
4220.0 3.12546558436 5.52649329376 -2.63171559564 0.0125498621273 0.0810558729277 0.130358141456 0.988068419382
4240.0 3.27109689934 5.60251335939 -2.67134237754 0.023177067035 0.0986786676471 0.173962712915 0.979521474308
4260.0 3.40348386375 5.68219786781 -2.7084691929 0.0323321951351 0.119615506438 0.203857186701 0.971127698713
4280.0 3.52954301602 5.764183079 -2.73789267017 0.0379076832028 0.138612658211 0.228283385019 0.962931064335
4300.0 3.65287835858 5.84743099318 -2.75936878853 0.0403746886039 0.15099147483 0.252039999788 0.955011674041
4320.0 3.77610154024 5.92529083227 -2.77659372571 0.0456213515232 0.165766834197 0.275939281084 0.945673073594
4340.0 3.89759423679 6.00509668083 -2.80171181153 0.0497660182232 0.176779151865 0.298711506551 0.936506225687
4360.0 4.01201070986 6.08038672988 -2.82985849959 0.0524203412966 0.184929344155 0.31935278706 0.927936982174
4380.0 4.11427128223 6.13202778409 -2.84790999697 0.052929578665 0.183721609821 0.32451934305 0.926354157854
4400.0 4.19533648048 6.15671607387 -2.85295402 0.0499899145391 0.173672697424 0.305423599259 0.934909208228
4420.0 4.25918612445 6.16033454986 -2.84859093473 0.0428286188151 0.156449618745 0.269197436232 0.949327112502
4440.0 4.31910160126 6.14565558775 -2.84312129918 0.032190898153 0.136351098954 0.22811406641 0.963501996156
4460.0 4.38759283091 6.1164519758 -2.83483990764 0.026342844642 0.122128248853 0.192859357768 0.973239956788
4480.0 4.46222340899 6.06295834429 -2.81159654166 0.0224844726108 0.110838403827 0.163976185631 0.979959747783
4500.0 4.5395558432 5.98941833137 -2.77667767578 0.0207428060367 0.100609004389 0.146399936797 0.983877341308
4520.0 4.61851087299 5.89518041329 -2.73898157208 0.0209699290233 0.0935054294387 0.135843778918 0.986084917475
4540.0 4.69552745229 5.78651136203 -2.7043327102 0.0251636611987 0.0912503447549 0.127405789076 0.987323619512
4560.0 4.77155780735 5.6721012552 -2.6743084339 0.0310599872665 0.0885846593292 0.124690605407 0.987745052251
4580.0 4.84575129324 5.55318599783 -2.64740609312 0.0376373992603 0.0870427518694 0.125758648337 0.987517973453
4600.0 4.91429848106 5.43413194961 -2.6282570338 0.0423954736961 0.0885941593553 0.128769320411 0.986798946523
4620.0 4.97801476482 5.32396204936 -2.61865990093 0.0456489476352 0.0889224422783 0.137795887466 0.985404113162
4640.0 5.0401751404 5.21657791551 -2.61217915926 0.0483167803114 0.0925967072638 0.148653716449 0.983358231333
4660.0 5.10140901731 5.10810277762 -2.6054930687 0.0512477524767 0.100304004468 0.159879542481 0.980689199721
4680.0 5.16185758361 4.99058779053 -2.59349566789 0.0542359274749 0.11223685256 0.169925153996 0.977541198691
4700.0 5.22107216372 4.87345607406 -2.57458886907 0.0573808922521 0.120467785514 0.182093705165 0.974185212574
4720.0 5.27248386563 4.75416221481 -2.54910785756 0.0578763480707 0.115478563694 0.189533400139 0.97334070083
4740.0 5.31688390983 4.62857703602 -2.52224504149 0.0594222527881 0.109119045601 0.188999957127 0.974084722171
4760.0 5.34927744408 4.493029296 -2.49154511579 0.0609971281029 0.108651811734 0.178097552333 0.976091899374
4780.0 5.36904485256 4.34204634819 -2.44994088797 0.0599713546833 0.105451922195 0.159941439872 0.979643845759
4800.0 5.387337752 4.18629097261 -2.40120175201 0.0573541277765 0.098310665246 0.145471146023 0.982793804824
4820.0 5.4173535284 4.0303646262 -2.35386064549 0.0567601438669 0.0962760865184 0.142829290673 0.983416999527
4840.0 5.46122640841 3.87862433085 -2.31265488381 0.0585451968775 0.0980320652536 0.151356882266 0.981862143224
4860.0 5.50971775902 3.73113573939 -2.27456999761 0.0627227766984 0.0999130900122 0.164797374654 0.979247186891
4880.0 5.53764034741 3.59141221741 -2.23646101415 0.0614586589818 0.096575026686 0.168727059929 0.978992991142
4900.0 5.54158377041 3.45311067626 -2.19983049151 0.054343077103 0.0904834506835 0.154786579785 0.982293586379
4920.0 5.53321312411 3.31576425448 -2.16487924818 0.0496464504021 0.0833148639961 0.133505159274 0.986291151662
4940.0 5.51337323125 3.17679717883 -2.12952689308 0.0462116258469 0.0711810317689 0.109767049421 0.990327693854
4960.0 5.47175907296 3.04833100521 -2.09328647257 0.0418471316172 0.0507813739039 0.0764073866507 0.994903000752
4980.0 5.40628380113 2.92689086689 -2.05588882183 0.0320382896574 0.0243943307713 0.0328156903057 0.998649886142
5000.0 5.32049541302 2.78205766618 -2.00391570295 0.0286563667866 0.00754113654702 -0.00515879218757 0.999547563033
5020.0 5.22516024168 2.62524150121 -1.94382073186 0.0309999241116 0.0122597348797 -0.0270158776422 0.999078998859
5040.0 5.11402684441 2.55148477511 -1.906737181 0.0220502912805 -0.00512956086522 -0.0514075860455 0.998421119747
5060.0 4.99078390786 2.51300088854 -1.8825223479 0.00513010744514 -0.0433763030868 -0.081693880332 0.995699898687
5080.0 4.85502119018 2.46268014005 -1.85782534849 -0.00595924738012 -0.0634352005712 -0.10931026178 0.991963572602
5100.0 4.70377242472 2.40899188022 -1.82971947393 -0.00641514438765 -0.0636442024819 -0.130407206056 0.989394876691
5120.0 4.53962875403 2.36018572438 -1.79455344078 -0.00669184730037 -0.0702212221455 -0.139212365283 0.987746990121
5140.0 4.37351226254 2.32449568772 -1.7260499762 0.00192671704955 -0.0526960671228 -0.150303238939 0.987232671986
5160.0 4.2221404987 2.29204825767 -1.63691465309 -0.00110442528337 -0.0369516345591 -0.144937554253 0.988749949338
5180.0 4.09345766452 2.25939635245 -1.54097072642 -0.0066176956325 -0.0167210922436 -0.119765994098 0.992639268736
5200.0 3.97962291618 2.21849401061 -1.44689131654 -0.00360556202097 0.00827452930276 -0.0884176431484 0.996042595709
5220.0 3.87589834854 2.16477542417 -1.34910163203 0.00211644509889 0.0290002955437 -0.0536998176165 0.998133674969
5240.0 3.76590973303 2.09976212019 -1.24942492107 0.00638177904375 0.037696251171 -0.0298371954193 0.998823311359
5260.0 3.64450017163 2.017063557 -1.15532009303 0.0105964810913 0.0350670530612 -0.0150511926767 0.999215431214
5280.0 3.51082248687 1.91420714824 -1.07276817612 0.0178058720881 0.0220178583793 -0.00681843863477 0.999575746868
5300.0 3.36841292842 1.79302996643 -1.00858696661 0.0281039267689 -0.00630251918452 -0.00319301961148 0.999580037905
5320.0 3.22671639401 1.66546637006 -0.969740241366 0.0404598008524 -0.0308266394829 -0.00347287394936 0.998699485311
5340.0 3.08908056255 1.53248308047 -0.954183224172 0.0530598796056 -0.0440160670427 -0.00599338520468 0.997602783853
5360.0 2.95794547421 1.39906251294 -0.951580773666 0.0615839616388 -0.0452953953814 -0.00949386300678 0.997028389461
5380.0 2.83402318687 1.26718223885 -0.944459714433 0.0567486897541 -0.0408120293166 -0.0153216297592 0.99743631984
5400.0 2.74432958017 1.15637300547 -0.933482499369 0.041188387123 -0.0337076109889 -0.0162774159468 0.998449978445
5420.0 2.67857160586 1.076610559 -0.922825206679 0.0223218040783 -0.0168077837738 -0.00637218141744 0.99958923102
5440.0 2.61024218977 1.01128741844 -0.907149957089 0.00665944300315 -0.00174289082723 0.00178079973327 0.999974721132
5460.0 2.53025648347 0.935810790261 -0.882742858694 -0.000601305267651 0.00588613501732 0.00252750316901 0.999979301573
5480.0 2.43970110186 0.859158255526 -0.854267773822 0.00242335076895 0.012472899287 0.000884359851871 0.999918882741
5500.0 2.34590042237 0.802478774451 -0.825120335155 0.00562622719969 0.014469521851 0.00112440894616 0.999878849766
5520.0 2.26071651604 0.778878157503 -0.808177797055 0.00664056790516 0.00766066972946 0.00539680495968 0.999934043572
5540.0 2.18004363884 0.770511315378 -0.804047564394 0.011345248086 0.00693745549462 0.0110024750204 0.999851040206
5560.0 2.09853362238 0.771901493176 -0.803706308088 0.0145254614333 0.00740795011954 0.0164573281856 0.99973160878
5580.0 2.01893611373 0.779947716675 -0.803672497571 0.0161721476447 0.0161900075051 0.0221894100848 0.999491858585
5600.0 1.93657397587 0.791834884219 -0.799608419586 0.0146072391785 0.0246851148224 0.029224524813 0.999161248658
5620.0 1.85550067595 0.801345367041 -0.793370911462 0.0127063359467 0.0332418220209 0.0369741836559 0.998682351921
5640.0 1.77667263476 0.811055096841 -0.78202982116 0.0127090985867 0.0427400283168 0.045812112659 0.997954417359
5660.0 1.70414176959 0.818291709629 -0.765454330305 0.0134650514632 0.0527693409566 0.056501381523 0.996916086203
5680.0 1.63686238886 0.819090811336 -0.740735671561 0.0144081839147 0.060525986406 0.0685930693681 0.995702766914
5700.0 1.57203644934 0.817152448925 -0.706268075784 0.014591815686 0.06519730763 0.0787107103519 0.994656229091
5720.0 1.50529088749 0.808308776917 -0.665669441016 0.0142201930627 0.0668291504845 0.0860517064252 0.993945046054
5740.0 1.44120541138 0.795457204947 -0.621693835829 0.0144370176302 0.0687900843855 0.0916526456608 0.993307248215
5760.0 1.37703281824 0.782121992139 -0.578359548099 0.015863177656 0.0714257182771 0.0975472176524 0.992537791065
5780.0 1.31516501506 0.766508595099 -0.534599313804 0.0155878115011 0.0746920641173 0.103276897523 0.991721734222
5800.0 1.25867036052 0.748769751151 -0.490362538104 0.0148748957031 0.0777944683111 0.109037698664 0.990877156083
5820.0 1.2056611428 0.729836136222 -0.451101038411 0.0168410148037 0.0825972657811 0.115765585908 0.989693084256
5840.0 1.16308172337 0.717059158769 -0.421087887026 0.0209262849503 0.0944615776281 0.130435168984 0.986724767928
5860.0 1.13651086725 0.72186546345 -0.403840877676 0.0269889481145 0.11265696637 0.15776195737 0.980658538644
5880.0 1.11945003541 0.732510147495 -0.388547551782 0.0331139601513 0.126875067795 0.191297626202 0.972733982662
5900.0 1.10004507661 0.735307035199 -0.370729112277 0.0379253244532 0.142074960782 0.219987527298 0.964355672518
5920.0 1.07974734134 0.727565808942 -0.349010758374 0.0403352406949 0.159100813533 0.241936435265 0.956308925391
5940.0 1.06071084763 0.710594366947 -0.31954387906 0.041418198965 0.167464622322 0.259047702918 0.95033384696
5960.0 1.04053626603 0.681803582138 -0.283054640786 0.0420100982521 0.168628258786 0.26900763141 0.947330225543
5980.0 1.01305279253 0.642120194679 -0.247068267736 0.0424454884413 0.168669747127 0.270421062118 0.946900916716
6000.0 0.978607236916 0.597652330703 -0.228499994979 0.0440549502475 0.170056285882 0.266650630636 0.947648385305
6020.0 0.94162669191 0.559156530679 -0.228510662973 0.0449848533922 0.154803759582 0.26803525214 0.949825911731
6040.0 0.91145505776 0.5384922411 -0.243537115168 0.0459347670956 0.138734273342 0.277428326221 0.949566386506
6060.0 0.902902901202 0.529516720501 -0.288564594467 0.0489042107876 0.146020837316 0.297664776141 0.942168761041
6080.0 0.908704708415 0.526814692206 -0.349209830647 0.0546328989169 0.171580274447 0.323615321324 0.92889643103
6100.0 0.913802823279 0.51949810736 -0.40304427534 0.0569033856812 0.189171767041 0.346091238987 0.917167869885
6120.0 0.917580404604 0.504193642748 -0.442997173428 0.056559084982 0.192207085542 0.362654672551 0.910131361206
6140.0 0.922687783662 0.477460452646 -0.468272230628 0.0538489686317 0.192351965466 0.371664882887 0.9066235298
6160.0 0.925331343312 0.433181328626 -0.487954777787 0.0521405974225 0.195491439229 0.37275099444 0.905605406031
6180.0 0.922382454635 0.380550546348 -0.507138238162 0.0548917207118 0.200488548278 0.367197843127 0.906618434078
6200.0 0.926592395642 0.311135918023 -0.516057467324 0.0590638428074 0.198449705134 0.359209732499 0.909998651144
6220.0 0.922021042776 0.246134511255 -0.517060497279 0.0612432476889 0.195359928283 0.349274043539 0.914380339653
6240.0 0.908755394795 0.204509739644 -0.522440201291 0.0634213776701 0.195817003336 0.344777235499 0.915839553601
6260.0 0.891212318861 0.182353503233 -0.526095906695 0.0622668012437 0.198833625186 0.347142865574 0.914374029508
6280.0 0.888206605216 0.13466431086 -0.49844086541 0.0557885625865 0.19610329472 0.345316888592 0.91607171146
6300.0 0.875093365935 0.0450566325805 -0.445475842216 0.0504114943879 0.1867938303 0.322642160448 0.926535904591
6320.0 0.872813357493 -0.0661725345362 -0.389124439628 0.0491464224444 0.178239819811 0.29617912183 0.937066232231
6340.0 0.897137405483 -0.162966091759 -0.347093117617 0.0522519967405 0.17632797753 0.289099556199 0.939467732167
6360.0 0.921389198075 -0.235202901722 -0.314805520546 0.0560080773349 0.176460094585 0.294373228899 0.937586973246
6380.0 0.931551789418 -0.294887953992 -0.281408761038 0.0566227299605 0.176922769934 0.297567763228 0.936453750176
6400.0 0.935816435871 -0.358116466681 -0.248286153314 0.0540675202547 0.177718859653 0.294449068874 0.937439307911
6420.0 0.957154825878 -0.43327791811 -0.216249074786 0.0507236408002 0.177020469775 0.293161808812 0.938161510295
6440.0 0.986959479991 -0.515887885645 -0.185252252638 0.0497393070389 0.177859951828 0.293054191757 0.938089057374
6460.0 1.02475164406 -0.601081559007 -0.158073820459 0.0502813128257 0.178429937427 0.296037519678 0.937014585774
6480.0 1.06851887364 -0.686505713688 -0.140123672993 0.0530652319951 0.17619074754 0.304190530232 0.934670542465
6500.0 1.12086112207 -0.769919071087 -0.129796660491 0.0586408367221 0.177659159924 0.314354056996 0.9306879187
6520.0 1.18622724271 -0.847352336559 -0.133114114944 0.0661342995606 0.185735756558 0.331601197028 0.922588277233
6540.0 1.24905875609 -0.930416350357 -0.149514567654 0.0743674574182 0.189400680881 0.345530985617 0.916081438158
6560.0 1.30086160429 -1.02533042482 -0.161414779473 0.081273757077 0.187195325005 0.34506690807 0.916122980643
6580.0 1.34819356405 -1.12949622714 -0.178202827832 0.0829695938988 0.184862047861 0.336549824072 0.919606592879
6600.0 1.39139522803 -1.23888343834 -0.197718243027 0.0823824892539 0.180342374227 0.322225889054 0.925667451057
6620.0 1.42250739932 -1.35095238856 -0.205040324079 0.0772667687461 0.166114101472 0.296615016594 0.937259560458
6640.0 1.44575571426 -1.45885649384 -0.197728875693 0.0651066825026 0.150538596387 0.26502913236 0.950188828545
6660.0 1.46195273653 -1.56395756244 -0.181284151621 0.0505423598225 0.137969584938 0.230214812581 0.961982849932
6680.0 1.46887243563 -1.67069726858 -0.149438903313 0.0374702214952 0.120936372704 0.193186877774 0.972958995289
6700.0 1.47456066136 -1.79588329042 -0.0971479673966 0.028100235825 0.0981200578219 0.15890497746 0.982004093239
6720.0 1.48342046965 -1.93588617433 -0.0286080989741 0.0192785795877 0.0877184187642 0.128133733866 0.987681913181
6740.0 1.4963250037 -2.07098437424 0.0490163953014 0.0102358898938 0.085766465119 0.106856543961 0.990515531949
6760.0 1.51293642719 -2.19105543316 0.129408650935 0.00191042655015 0.0796763124689 0.0974510995871 0.992044010461
6780.0 1.53284280249 -2.29710828369 0.198840744981 -0.00176097360283 0.0717589714578 0.0971842647504 0.992674552747
6800.0 1.54021200257 -2.39255439141 0.258114476451 -0.000548271506712 0.0583775635155 0.0916497089287 0.994078513162
6820.0 1.53439692448 -2.49085934399 0.302779586899 0.00504690232497 0.048818701661 0.0734768110542 0.996088561014
6840.0 1.52601457716 -2.59361573565 0.342036769497 0.0113553733621 0.044695212555 0.0540861477931 0.997470842725
6860.0 1.53055054316 -2.69381177401 0.354573465536 0.0142249675546 0.0414412497476 0.0493396226747 0.997820562402
6880.0 1.54644541327 -2.79036968037 0.34612305467 0.0231815092207 0.0348209695947 0.0538416507287 0.997672889455
6900.0 1.55744692797 -2.87315004923 0.342117715145 0.030276391076 0.0176529116655 0.0515994237036 0.998052711196
6920.0 1.54275706974 -2.95527394458 0.350950044995 0.025883183523 -0.00425507656449 0.0240973967703 0.999365433964
6940.0 1.50249995064 -3.03983616492 0.359597370188 0.0147280296234 -0.0221975836026 -0.0268594625296 0.999284204668
6960.0 1.46283265638 -3.11895108489 0.373429186861 0.00476835508643 -0.0347812604177 -0.0778527330228 0.996346565546
6980.0 1.43175166337 -3.18773375651 0.403775004641 -0.00711504472544 -0.0498781023514 -0.114885818992 0.992100196371
7000.0 1.40704580586 -3.24924920516 0.447771482418 -0.0228614475573 -0.0709098078169 -0.139053997212 0.987478171521
7020.0 1.38761924779 -3.29721138734 0.493250431927 -0.0391777175771 -0.092067835608 -0.167642183702 0.980757216815
7040.0 1.37426826565 -3.33230091536 0.524493376357 -0.0478709224291 -0.1114873594 -0.205789328382 0.971045671327
7060.0 1.36083211789 -3.36952932696 0.539304523866 -0.0499764758494 -0.125037940461 -0.242445884151 0.960774613822
7080.0 1.34351627706 -3.40795585288 0.554184148189 -0.0539357863831 -0.138260450742 -0.269965542553 0.951364065194
7100.0 1.3232985328 -3.44331425549 0.571938444784 -0.0639733449201 -0.154673166782 -0.290370387244 0.942161695692
7120.0 1.30539017198 -3.48105727673 0.590449474479 -0.0747940669472 -0.167343840147 -0.307949179375 0.933578700291
7140.0 1.29091694196 -3.53359964705 0.612499577831 -0.07787639308 -0.170537202547 -0.318461241289 0.929211906803
7160.0 1.26501736939 -3.5948329886 0.639698520091 -0.0762518836963 -0.168934455183 -0.3228582547 0.928121407714
7180.0 1.23199045654 -3.6512099492 0.677116276297 -0.0756962231881 -0.167294935457 -0.322753391229 0.928500261075
7200.0 1.20042298113 -3.69845251938 0.713963249598 -0.0756480499486 -0.167664113401 -0.322688342203 0.928460204544
7220.0 1.19850575771 -3.74275451406 0.747990308289 -0.0760492312909 -0.171799595173 -0.319491617624 0.928776894516
7240.0 1.22465256894 -3.79677325761 0.777866093019 -0.0740722258399 -0.173762939932 -0.314745274795 0.930190925595
7260.0 1.26182010409 -3.86247180848 0.819045325522 -0.0721209892136 -0.165992860934 -0.305830248368 0.934726051962
7280.0 1.30694193635 -3.93545902814 0.868534765829 -0.0705830747048 -0.150628790358 -0.289664629693 0.942562146166
7300.0 1.3436074758 -4.01145257204 0.919764733108 -0.0690000453298 -0.138118258715 -0.272600814712 0.949658431317
7320.0 1.33841172567 -4.08996326731 0.979583068353 -0.0726333878739 -0.138172667329 -0.267910284314 0.950713828935
7340.0 1.28732906666 -4.16929270859 1.03749256834 -0.0797730750564 -0.150957502836 -0.283516366043 0.943645356593
7360.0 1.22357695472 -4.23391255067 1.07943791763 -0.0762857326146 -0.165104733049 -0.310575993455 0.932986316306
7380.0 1.15645157947 -4.28706715496 1.11512606645 -0.074746189865 -0.181287776443 -0.337735945907 0.92058795346
7400.0 1.08731055008 -4.3387122807 1.15200338913 -0.0819805045361 -0.200163618282 -0.360924054717 0.907164565842
7420.0 1.02920899668 -4.39357817686 1.19124488281 -0.0868090502524 -0.210630830687 -0.375303700124 0.898468683167
7440.0 0.980007049011 -4.45230636391 1.22614029235 -0.088684032327 -0.211517589013 -0.382126390572 0.89519543876
7460.0 0.936703739794 -4.5090881308 1.25594716201 -0.0848192726015 -0.208072372667 -0.386106065994 0.894669595175
7480.0 0.898573899841 -4.56592764501 1.27946764644 -0.0823634025588 -0.20561409342 -0.384423503627 0.896190651795
7500.0 0.848970366326 -4.61822836194 1.2924835541 -0.0822603479151 -0.208792003498 -0.388058634381 0.893895760544
7520.0 0.777189130387 -4.65902354193 1.2985856069 -0.0807459441751 -0.218391100993 -0.403247455728 0.884972829501
7540.0 0.700804116677 -4.6983952777 1.29736705772 -0.0805893380184 -0.230741036881 -0.417971656969 0.874964928707
7560.0 0.629272713797 -4.74795920453 1.27697678364 -0.0701460498455 -0.234171542996 -0.428426355424 0.869881646042
7580.0 0.559642596509 -4.79683176869 1.24664711181 -0.0564280465907 -0.239334386676 -0.434908012178 0.866250511028
7600.0 0.46607839624 -4.82532365147 1.22028879372 -0.0556095772614 -0.253295747851 -0.448997202257 0.855073301772
7620.0 0.34085041107 -4.81955391933 1.1886416141 -0.066995708922 -0.275873046803 -0.478340658932 0.831020969077
7640.0 0.209887863096 -4.78854110316 1.15236596986 -0.0836147590558 -0.299733628278 -0.515760096269 0.798222930793
7660.0 0.0886025771863 -4.75463290804 1.12294687466 -0.0978105066696 -0.315780443492 -0.54802597332 0.768364073118
7680.0 -0.0273872585454 -4.72540371747 1.10309183199 -0.110267505682 -0.323818883746 -0.569951794789 0.747085911617
7700.0 -0.153536296352 -4.6857282271 1.08089972804 -0.119492901228 -0.331535711337 -0.590594534217 0.725950146234
7720.0 -0.288514938373 -4.63439176077 1.06014522368 -0.124213166775 -0.339841110517 -0.608086897969 0.706618308085
7740.0 -0.422808861115 -4.58044101386 1.04776058415 -0.129133233655 -0.342314150329 -0.618091436401 0.695779136435
7760.0 -0.5581557919 -4.53384972405 1.03325556114 -0.135074687971 -0.340060237155 -0.621713012125 0.692522053317
7780.0 -0.701541329483 -4.4789093579 1.00471905651 -0.13697632947 -0.341031615293 -0.627550930291 0.686377995296
7800.0 -0.843934505942 -4.40340159557 0.963665611293 -0.135161582592 -0.347912629854 -0.637498212451 0.674006066516
7820.0 -0.97480724496 -4.31416148558 0.916869791931 -0.139939821692 -0.356662231859 -0.65018330174 0.656102562721
7840.0 -1.09941189539 -4.21445119349 0.866899191431 -0.145419800025 -0.362872688632 -0.665078509866 0.636275938034
7860.0 -1.22323028379 -4.1198821973 0.824157983276 -0.150579480094 -0.364336715773 -0.675543973499 0.623076975649
7880.0 -1.34577168093 -4.03802328383 0.785724815573 -0.153365311938 -0.36354382149 -0.678311718132 0.619845290372
7900.0 -1.45534086631 -3.96772628819 0.744754257278 -0.146361204185 -0.361727495265 -0.672790076799 0.628557976356
7920.0 -1.52157616751 -3.88539998124 0.682246616114 -0.136984218739 -0.364195407456 -0.668742610439 0.633545854684
7940.0 -1.56013347846 -3.79360164388 0.612655552704 -0.132311302025 -0.368847086998 -0.666579507188 0.634127200462
7960.0 -1.57869856663 -3.69297071992 0.550050182318 -0.134698222763 -0.371610946257 -0.66558182657 0.633058074387
7980.0 -1.59926843142 -3.59725089203 0.492200331139 -0.142163778639 -0.37401276048 -0.667797055933 0.627655165778
8000.0 -1.62770595831 -3.50701237333 0.445042070121 -0.146229708386 -0.37708893413 -0.672239623732 0.62009249022
8020.0 -1.66391896171 -3.42707571683 0.410043789475 -0.149251087333 -0.37555335478 -0.677083327475 0.61501378708
8040.0 -1.69646605045 -3.3542145078 0.387604040782 -0.144603035163 -0.370546437317 -0.680441285913 0.615455080764
8060.0 -1.72077077787 -3.28577836616 0.3785085975 -0.136918579165 -0.365694585815 -0.682366497481 0.617977941111
8080.0 -1.73087798415 -3.22149248855 0.379801882868 -0.132533040155 -0.365456686196 -0.681008570111 0.620567265667
8100.0 -1.7268916593 -3.16499558912 0.39334248326 -0.132827235698 -0.368841345521 -0.677701757913 0.622120016245
8120.0 -1.71765885071 -3.11204959484 0.412000155625 -0.133356512053 -0.367064933079 -0.675928491259 0.624980039922
8140.0 -1.70789292182 -3.06432447526 0.42986120623 -0.133876257587 -0.36334830831 -0.675895438124 0.627072971213
8160.0 -1.70566561599 -3.0231153934 0.446691122817 -0.136657204158 -0.358524029034 -0.674262419145 0.630995657105
8180.0 -1.71093448717 -2.98864609703 0.457516152015 -0.141652908867 -0.35350647426 -0.671326580671 0.635836652097
8200.0 -1.72177158135 -2.96771654845 0.456865858532 -0.145535273714 -0.350924415645 -0.66526711614 0.642721714891
8220.0 -1.74003726982 -2.9530854251 0.447163960041 -0.14479801487 -0.35161575975 -0.657876046479 0.650076149274
8240.0 -1.77287467956 -2.93127377395 0.430802211282 -0.143917866533 -0.35393584253 -0.65231156598 0.654604222377
8260.0 -1.83169841073 -2.89231465991 0.409095269583 -0.142453541229 -0.354374349452 -0.650337751829 0.656648016511
8280.0 -1.91025837066 -2.83338456233 0.381155692558 -0.141867752818 -0.355718270357 -0.65511549842 0.651277004487
8300.0 -1.99774970525 -2.75924101729 0.351715067634 -0.148268117654 -0.359925668242 -0.662709346298 0.639754953835
8320.0 -2.09220834651 -2.67659286729 0.321763518484 -0.153609906244 -0.363356369111 -0.670934042305 0.627872325084
8340.0 -2.18253301101 -2.58868163419 0.292235858855 -0.155613960875 -0.367598935606 -0.680534642154 0.614433005747
8360.0 -2.26969084927 -2.49711124313 0.259849711287 -0.155432714405 -0.372168793836 -0.690803828925 0.600100933285
8380.0 -2.35531050567 -2.39187595848 0.22830047872 -0.154413162942 -0.375769910231 -0.7026855724 0.584111749596
8400.0 -2.44630002519 -2.25962900199 0.187907332123 -0.154638936277 -0.381661728316 -0.718999622713 0.559875581772
8420.0 -2.53576415401 -2.09742640218 0.136393036136 -0.159608182817 -0.392831208867 -0.738270425535 0.524562339574
8440.0 -2.61261665826 -1.91756254939 0.0748998629218 -0.163140286506 -0.405227362383 -0.758807443752 0.483101743944
8460.0 -2.66553148306 -1.74704285982 0.0153411923898 -0.161399517588 -0.417825208153 -0.773381579804 0.448612553518
8480.0 -2.66861446678 -1.60499111147 -0.037036085103 -0.154613627342 -0.43304497272 -0.778810490286 0.426639072358
8500.0 -2.64242134814 -1.47407488216 -0.0755031431181 -0.151985289775 -0.44700209065 -0.781121270995 0.408581892215
8520.0 -2.59407888436 -1.34472841639 -0.0850678676972 -0.157126461335 -0.456047275931 -0.783162628261 0.392413627388
8540.0 -2.52859830825 -1.21636384744 -0.0725425616797 -0.162242329009 -0.457108934241 -0.787996443713 0.37919711709
8560.0 -2.45840700948 -1.09484099085 -0.0649632911492 -0.165674061745 -0.448666221703 -0.795627518262 0.371789697209
8580.0 -2.38748529498 -0.985404324045 -0.0740124791733 -0.16486090085 -0.438848148846 -0.80172644831 0.370766621617
8600.0 -2.31493144184 -0.888374135872 -0.102832548762 -0.163266629769 -0.434006424131 -0.803286334768 0.373782685249
8620.0 -2.25198406588 -0.797507960688 -0.148269152255 -0.166556979516 -0.434072490955 -0.79994213634 0.37938426915
8640.0 -2.20397193073 -0.70047085323 -0.21222665368 -0.166086388839 -0.439729292153 -0.795663862146 0.382063449626
8660.0 -2.1531833722 -0.608742969982 -0.281174671639 -0.156061845026 -0.446713081993 -0.789574376423 0.390722954278
8680.0 -2.0959339524 -0.524300303301 -0.354617588343 -0.15775583998 -0.448625932254 -0.783147384257 0.400659509301
8700.0 -2.03544722691 -0.437198093448 -0.41836837784 -0.165386373561 -0.446114195982 -0.778278156814 0.409771377978
8720.0 -1.97261543398 -0.35224173923 -0.483295185875 -0.165664538617 -0.437863412142 -0.777361730226 0.420166197276
8740.0 -1.90848026018 -0.270851736367 -0.557343595659 -0.157121759722 -0.429278675769 -0.77809188522 0.430819671447
8760.0 -1.8412615265 -0.190222933373 -0.631227005544 -0.152766145022 -0.424532041899 -0.775747423928 0.441192684216
8780.0 -1.77454240503 -0.112343848549 -0.707289973748 -0.159504100365 -0.423197406511 -0.769818003337 0.4503805489
8800.0 -1.7048764559 -0.030023655419 -0.776445073766 -0.162992055007 -0.424227185475 -0.7627147182 0.460142525475
8820.0 -1.62470699893 0.0569363127098 -0.82770326531 -0.158755511054 -0.423391438965 -0.757988043915 0.470096269293
8840.0 -1.53560605632 0.146103578794 -0.866145936856 -0.157572268794 -0.42178910088 -0.753394474706 0.479230320378
8860.0 -1.44176680199 0.236165329596 -0.889595373697 -0.163144924394 -0.418626755937 -0.748481139393 0.487761577854
8880.0 -1.32941881368 0.315067901348 -0.907415345629 -0.163479748395 -0.413010571196 -0.742541147333 0.501327522147
8900.0 -1.1897855296 0.381673266637 -0.915598327162 -0.162469559341 -0.406245816494 -0.734495581765 0.518733283332
8920.0 -1.03900921013 0.439550258208 -0.924641678133 -0.166337548059 -0.398304612428 -0.725472063927 0.536074192893
8940.0 -0.877303286902 0.490943278383 -0.934386213055 -0.165168649207 -0.388436806148 -0.717489297731 0.55411665973
8960.0 -0.711727332259 0.544149953936 -0.934358711992 -0.162206287474 -0.380956354296 -0.708492799336 0.571488696051
8980.0 -0.543222922205 0.624177341823 -0.892463485584 -0.168352208949 -0.384719435988 -0.700097961254 0.577504401682
9000.0 -0.355655515854 0.725085355814 -0.812876440432 -0.17389102612 -0.388194784701 -0.695910251245 0.578597997212
9020.0 -0.161687441969 0.830401778592 -0.71451165682 -0.177797271838 -0.38498184532 -0.697008923169 0.578234960829
9040.0 0.0112089533343 0.921741693395 -0.645877591922 -0.171932276209 -0.373291758579 -0.704005330206 0.579196901249
9060.0 0.16403521983 0.996751399913 -0.610601305207 -0.16144335586 -0.363448996948 -0.709862520125 0.581322691788
9080.0 0.297581168874 1.06163660069 -0.584376720657 -0.153258333323 -0.360577920731 -0.708085837907 0.587460545487
9100.0 0.416819863158 1.12331800606 -0.548904291182 -0.159935010388 -0.368924910833 -0.704535637624 0.584760410712
9120.0 0.519778194747 1.16569345411 -0.528174231288 -0.165985324982 -0.376300138349 -0.704900835086 0.577894359259
9140.0 0.607542588092 1.18762699964 -0.520552686381 -0.159652093938 -0.379005028373 -0.716296306283 0.563725109406
9160.0 0.686261561702 1.207277728 -0.518221335647 -0.143458850896 -0.37469035651 -0.737500095845 0.543249761589
9180.0 0.750493416703 1.23005519675 -0.520979180503 -0.13889700844 -0.369970089558 -0.758033871502 0.518858751043
9200.0 0.799716621275 1.2570988774 -0.539234709536 -0.146742722478 -0.372992785546 -0.7722629633 0.492902496286
9220.0 0.853979064667 1.2898472029 -0.601787031916 -0.139971189889 -0.387183556265 -0.777194949942 0.475883357077
9240.0 0.915490506027 1.32784555256 -0.678903811092 -0.13830884342 -0.410294162995 -0.775055879373 0.4602366212
9260.0 1.0203565432 1.3489108538 -0.758282436308 -0.134159862547 -0.427288953647 -0.770698605882 0.45326475736
9280.0 1.14532109427 1.34720508973 -0.811188519408 -0.137042346267 -0.42515064082 -0.763039365139 0.467158704498
9300.0 1.22663213704 1.34807229616 -0.836894284604 -0.152612743193 -0.407347735898 -0.752102905821 0.495094326094
9320.0 1.29524328243 1.31952507315 -0.850497332999 -0.153157276844 -0.384418929795 -0.730839152102 0.542806658692
9340.0 1.36739046488 1.28024928744 -0.874212494996 -0.140658451268 -0.367654647216 -0.701403180451 0.594204374707
9360.0 1.45173157721 1.23838562989 -0.899914179221 -0.130457719335 -0.355096144492 -0.665319755979 0.643612565087
9380.0 1.5472212841 1.19925665587 -0.920581432109 -0.124935283482 -0.341664689582 -0.624239613179 0.691361931387
9400.0 1.65556864351 1.16686339298 -0.937388851029 -0.119117243866 -0.321841684559 -0.583227007861 0.736257610892
9420.0 1.77644738957 1.1366356103 -0.955599014211 -0.105171955883 -0.293192830094 -0.54046191977 0.781586679362
9440.0 1.90968051129 1.11419848194 -0.973231394127 -0.0930382742359 -0.262037704218 -0.488933509039 0.826815665571
9460.0 2.05828013009 1.10241790133 -0.987727987473 -0.0867338721727 -0.229788843875 -0.431334300118 0.868115801141
9480.0 2.19554207822 1.11767462598 -1.00520455015 -0.0884952779461 -0.208049459843 -0.389544404413 0.89282650332
9500.0 2.28629073198 1.14002543423 -1.01188759128 -0.0849662264576 -0.191518868415 -0.365867046165 0.906775919361
9520.0 2.32273680877 1.13307038788 -0.998805617064 -0.0708830259927 -0.168722175683 -0.341637020194 0.92184194442
9540.0 2.34318239627 1.11425837016 -0.974790000809 -0.0633472235472 -0.149078620277 -0.307224597807 0.937750361635
9560.0 2.34384239496 1.13367658999 -0.968409671106 -0.069110496301 -0.157701940883 -0.294081142809 0.94014366912
9580.0 2.32212723207 1.19694900194 -0.99773953098 -0.0728789587858 -0.175699292877 -0.315396323896 0.929700798495
9600.0 2.29433506062 1.29588751723 -1.0570274942 -0.0727539675806 -0.195850718501 -0.357618351614 0.910196940696
9620.0 2.26859259883 1.43047367857 -1.12789262269 -0.082639275207 -0.219194864581 -0.413773372304 0.879724933094
9640.0 2.25979243237 1.58726090695 -1.2089698823 -0.0983084226717 -0.24302722907 -0.472270082278 0.841566509164
9660.0 2.24485200609 1.73102575171 -1.28640792752 -0.101462105707 -0.257219711562 -0.512298902601 0.813076438893
9680.0 2.14699370108 1.85016688585 -1.3284882066 -0.0936573796591 -0.254413338624 -0.523989309359 0.807426375617
9700.0 2.0087446067 1.95238840012 -1.33646636468 -0.0886735627256 -0.238141371274 -0.510446299717 0.821504876228
9720.0 1.86129533206 2.05552133064 -1.32029915068 -0.0887497908344 -0.22002538887 -0.486876311729 0.840632951981
9740.0 1.71879825323 2.16030586083 -1.30464036266 -0.0905273374357 -0.209082456998 -0.463825170001 0.856128225808
9760.0 1.57572561825 2.25848129031 -1.29385792613 -0.0873384746368 -0.203981625704 -0.442585509989 0.868839198915
9780.0 1.43588570354 2.35575044697 -1.29927724488 -0.0809071520136 -0.203460967435 -0.424970390162 0.878326724499
9800.0 1.30568145376 2.46540785897 -1.32232543616 -0.0765848465537 -0.210757437713 -0.418305895013 0.880191025814
9820.0 1.1753972093 2.58060854701 -1.35090741241 -0.0764396046611 -0.223153965412 -0.42008486692 0.876292188225
9840.0 1.03509924688 2.70303040844 -1.38560754701 -0.0775057533917 -0.234811056165 -0.429738130688 0.86843639095
9860.0 0.890984529729 2.82030773781 -1.4191925304 -0.0741252303068 -0.233716886394 -0.433613320218 0.867099392098
9880.0 0.749282271826 2.9297939223 -1.44817675789 -0.0699971398567 -0.222816888164 -0.426954565579 0.87359191485
9900.0 0.613426932857 3.03360703174 -1.47367808166 -0.0653637339314 -0.208806693306 -0.411529944022 0.884743156114
9920.0 0.489134456062 3.1216999248 -1.48225135141 -0.0592998326789 -0.189527638462 -0.385332232214 0.901155854955
9940.0 0.379013819209 3.19434129104 -1.48034067012 -0.0547707675095 -0.165698898734 -0.350298895161 0.920236231646
9960.0 0.28420038905 3.26329481912 -1.47237260824 -0.0506148941894 -0.143361743229 -0.31144136579 0.938024423317
9980.0 0.187632575537 3.33124733062 -1.45858176309 -0.0463270648132 -0.125684831618 -0.279840328314 0.950655835103
10000.0 0.083855321613 3.39863156072 -1.43905669904 -0.0441037036416 -0.11875352844 -0.259837121458 0.957307230266
10020.0 -0.0275715651427 3.45679655917 -1.41496989644 -0.0424067963381 -0.116228618763 -0.245868002941 0.961374795246
10040.0 -0.143638160079 3.50419646504 -1.38716169911 -0.0414231705702 -0.11387670727 -0.236620139269 0.964016144146
10060.0 -0.261851297066 3.54345474829 -1.35890057775 -0.0414031922107 -0.111393861891 -0.231540030232 0.965539433481
10080.0 -0.380643182743 3.57735938423 -1.33171631237 -0.0433265105924 -0.108993686978 -0.228421980096 0.966471204272
10100.0 -0.488277109629 3.60718404425 -1.30422973264 -0.0449227226927 -0.108245652835 -0.226798651824 0.966864622974
10120.0 -0.531858471823 3.65963809974 -1.24521324024 -0.0423633540861 -0.119256932518 -0.227876718202 0.965430127756
10140.0 -0.533074375085 3.7367522633 -1.17488645665 -0.0353591688276 -0.129521445552 -0.232236974119 0.963348281866
10160.0 -0.531733061224 3.79904359499 -1.10316726783 -0.0378825107805 -0.132700478719 -0.23309008743 0.962613374864
10180.0 -0.554273289717 3.8285773731 -1.03014797976 -0.0430676572206 -0.12613474106 -0.229365111101 0.964171587327
10200.0 -0.602696854383 3.8289421572 -0.962473800458 -0.0403244499918 -0.110749083466 -0.218673096052 0.968654043664
10220.0 -0.6569125695 3.8218995649 -0.908184658661 -0.0356982470379 -0.0959285301386 -0.19916363619 0.974606175993
10240.0 -0.708593082747 3.81527445383 -0.866848695307 -0.0298461381118 -0.0823119302813 -0.172273561405 0.981150230196
10260.0 -0.771586812161 3.81564802585 -0.82467061301 -0.0251275786306 -0.0732786139956 -0.152841655968 0.985209763311
10280.0 -0.848513715703 3.82221659897 -0.784794960774 -0.0240208574016 -0.0702873784016 -0.148155224472 0.986170731825
10300.0 -0.941870103378 3.83057592677 -0.747947499387 -0.0243605871107 -0.0746660322673 -0.154363476096 0.984887538082
10320.0 -1.05030894816 3.83043982447 -0.708629559518 -0.0248668749158 -0.0813269287679 -0.165352195995 0.982561051777
10340.0 -1.16884669678 3.81776212426 -0.655929168749 -0.0284026445635 -0.0877661804895 -0.177490875813 0.979789455111
10360.0 -1.28307650965 3.80008531304 -0.597595900339 -0.0316029485446 -0.0884496593118 -0.189249049109 0.977426574645
10380.0 -1.37741665107 3.77855936544 -0.540130271771 -0.0342719927371 -0.0865479453552 -0.194161944668 0.976542893534
10400.0 -1.45134372511 3.76114891257 -0.489937551134 -0.0377366227443 -0.0869902050791 -0.189867739557 0.977219981887
10420.0 -1.51762603872 3.74443195354 -0.442886090328 -0.0386876090672 -0.0869458524731 -0.183905016069 0.978326444857
10440.0 -1.57983850928 3.72528784392 -0.395452671133 -0.0361593640236 -0.0839705484264 -0.179300835333 0.979536960936
10460.0 -1.63573425183 3.70139201621 -0.344963419716 -0.0343780313031 -0.0808777990821 -0.172327697335 0.981111664038
10480.0 -1.68489507245 3.6752969278 -0.291373910523 -0.0340768234715 -0.0774209553321 -0.163827059734 0.982855767789
10500.0 -1.73760829088 3.64870720155 -0.236769118103 -0.0342469920003 -0.0731894591815 -0.160258723886 0.983761956991
10520.0 -1.7800522663 3.62256699451 -0.188303444033 -0.0308408575413 -0.0674001499668 -0.155966735758 0.984977379754
10540.0 -1.81513688831 3.60153961847 -0.142400917802 -0.0306882190352 -0.0652905092144 -0.149150846001 0.986179196574
10560.0 -1.84551801826 3.59263298164 -0.102595752701 -0.0328099639702 -0.0686464126526 -0.142245003044 0.986903002024
10580.0 -1.87497314981 3.57456608604 -0.0647978176196 -0.0332088734075 -0.0686010004339 -0.139774694373 0.987245718289
10600.0 -1.89726576454 3.53646538333 -0.0283082048885 -0.0314144154947 -0.0597361582182 -0.13300247041 0.98881498207
10620.0 -1.9090813217 3.48476851131 0.012632628686 -0.0303018052256 -0.0491572846051 -0.116577711098 0.991501386406
10640.0 -1.91094126825 3.42843075909 0.0504541562563 -0.0266771877903 -0.0374205882568 -0.0932190836082 0.994584450752
10660.0 -1.9077652387 3.39111082316 0.0686138303852 -0.0190745790439 -0.0252742186449 -0.0683010002315 0.997162147132
10680.0 -1.92504392487 3.37903437364 0.0695612038612 -0.00759011553539 -0.0127078055717 -0.0530735892995 0.99848089413
10700.0 -1.96602719474 3.38573830032 0.065513103879 0.00212452730587 -0.000719563259056 -0.0446884785439 0.9989984527
10720.0 -2.03256048323 3.39003460736 0.0723447264553 0.00422279363862 -0.000717021799758 -0.0448406401538 0.998984970299
10740.0 -2.1146131512 3.3848868038 0.0910256493169 -0.000704033795482 -0.00881856789931 -0.0531625931089 0.998546681879
10760.0 -2.18970289734 3.35806697807 0.119377337398 -0.00590302273128 -0.0142286589371 -0.0568247171209 0.998265321
10780.0 -2.25285249469 3.31164651128 0.157535044362 -0.0083012693056 -0.0134216914089 -0.0542432969891 0.998403030774
10800.0 -2.29096839854 3.27584438451 0.185466704167 -0.00955792497297 -0.00808131859573 -0.045291471428 0.998895400418
10820.0 -2.28868501926 3.28793476252 0.174336966236 -0.00944840954817 -0.00431189238963 -0.0277115681825 0.999562006146
10840.0 -2.25888649326 3.32670190048 0.135341656312 -0.00686610435252 -0.00194470273675 -0.00815338040757 0.999941296842
10860.0 -2.2202607134 3.36506364082 0.0868521975083 -0.00182007575228 0.000250934731589 0.00669115140707 0.999975926135
10880.0 -2.19767727484 3.40391203999 0.0390788784254 0.00124554412166 0.00164996714449 0.0077786344349 0.999967609013
10900.0 -2.18549174535 3.43902093392 -0.00268668125716 0.000182919779744 -2.7546672987e-05 -5.49218736466e-05 0.999999981383
10920.0 -2.18508295394 3.48001707013 -0.0434914623339 -0.0061808068734 -0.00646427292418 -0.0185635770594 0.999787679664
10940.0 -2.18293476393 3.53586259457 -0.0980090593731 -0.00985933964911 -0.00903375199943 -0.034200552956 0.999325526004
10960.0 -2.17961449248 3.59404352475 -0.160128274572 -0.00431549616116 6.9909360578e-05 -0.0331538127176 0.999440941881
10980.0 -2.18504831002 3.64523828464 -0.216100417753 0.00442935245609 0.0204344309044 -0.0138350204531 0.999685654133
11000.0 -2.20951051854 3.68778129032 -0.25585653206 0.0100138714749 0.0383801518452 0.00827658694643 0.999178754994
11020.0 -2.24810893955 3.71510760323 -0.275969124751 0.00986951839512 0.0498118672012 0.0279541200039 0.998318555205
11040.0 -2.29821461583 3.71682525433 -0.271142668931 0.00419592613671 0.0527584859729 0.0392171541538 0.997828117053
11060.0 -2.35048255437 3.65261357949 -0.219667997151 -0.00475004277954 0.0454574985986 0.0348573489792 0.998346642273
11080.0 -2.39777236575 3.56272781631 -0.15140990548 -0.0144245303496 0.0406642670699 0.0239570549723 0.998781462496
11100.0 -2.41859829561 3.47573379859 -0.0951889092332 -0.0154469477872 0.039230934641 0.0214628912985 0.998880207967
11120.0 -2.42981077336 3.35958109085 -0.028464330412 -0.0114128336291 0.0427815722149 0.0233553738474 0.998746219427
11140.0 -2.42982237429 3.23594582004 0.0397703925751 -0.00754860856119 0.0494520110929 0.0342722765872 0.998159770861
11160.0 -2.42075512897 3.13723199452 0.086344023603 -0.00115420235844 0.0548218410853 0.0519258930214 0.997144390342
11180.0 -2.41283380351 3.08198463174 0.0999787781354 0.00910844038653 0.0597896965189 0.0666371521443 0.995942628096
11200.0 -2.39260208312 3.06602747955 0.089100739021 0.0168011982216 0.0574977195058 0.0804185305791 0.994959593114
11220.0 -2.36496196685 3.07369665836 0.0628596569539 0.0226199096965 0.0546903193839 0.0935461720356 0.993854326523
11240.0 -2.3373613123 3.10194615267 0.0240242097116 0.0257783496725 0.0661360512424 0.105323601858 0.9919014257
11260.0 -2.31497923357 3.13902837921 -0.0140941737571 0.0250630470498 0.0832959440473 0.118397808377 0.989148921219
11280.0 -2.30661031691 3.17543664031 -0.0383351328754 0.0187800780432 0.0896596668453 0.130409015601 0.987219297552
11300.0 -2.32317197455 3.20819274872 -0.0624521783133 0.0145476356668 0.0913167995977 0.132344536636 0.986881214752
11320.0 -2.36470281031 3.23697384174 -0.0928880863863 0.015417534306 0.0899509690557 0.124377390408 0.988029041859
11340.0 -2.41986419407 3.2734685534 -0.133519494138 0.016997192636 0.0807843745522 0.115205108072 0.989905431516
11360.0 -2.47992078871 3.32092697231 -0.185733726102 0.0151891939462 0.0656097167552 0.10372523795 0.992323399133
11380.0 -2.53577649407 3.35532400851 -0.25916440394 0.00749161166851 0.045935529236 0.0871519676745 0.995107198968
11400.0 -2.57722314566 3.37816140418 -0.331308359924 0.00510609566079 0.0277884600576 0.068395739194 0.997258117107
11420.0 -2.6247484673 3.37194076434 -0.400507769172 0.00833274733016 0.0173286049088 0.049506574592 0.998588696034
11440.0 -2.67970730482 3.33410116574 -0.459202157721 0.0144249702521 0.0134534390079 0.028231379755 0.99940678125
11460.0 -2.73266983949 3.27185820814 -0.498887315566 0.0223045310126 0.00970670925945 0.0143429895269 0.999601203652
11480.0 -2.79082131557 3.22097935739 -0.480433384878 0.0197317312264 0.0111075662136 0.00542256335291 0.999728901534
11500.0 -2.85389279157 3.169355203 -0.433255441536 0.00698458002346 0.0207474203262 0.00216326329381 0.999758010962
11520.0 -2.91935402596 3.09424160288 -0.370615102526 -0.000803068166646 0.0299505980128 -0.000508306850398 0.999550928359
11540.0 -2.99128136843 2.98434309907 -0.285682639235 -0.00502058780946 0.0336829492203 -0.00910056523237 0.999378523054
11560.0 -3.06232536116 2.84926683993 -0.199761598197 -0.00618511379986 0.0261459398468 -0.0143218350382 0.999536402157
11580.0 -3.11619031785 2.71238041727 -0.128580564489 -0.00228218292199 0.00753101639013 -0.0150249393731 0.999856152969
11600.0 -3.13896025918 2.57716692638 -0.075994474952 0.00630468270189 -0.0114946531283 -0.010000268541 0.999864050036
11620.0 -3.11174744999 2.46991431684 -0.0639516602181 0.0226205897194 -0.00218872735705 0.0109318314582 0.999681956151
11640.0 -3.05344194743 2.40393745544 -0.080766136816 0.036553846106 0.0236247070051 0.0455619341013 0.998012925625
11660.0 -3.00427451282 2.35953717512 -0.0971797743375 0.0411947073927 0.048996431891 0.0850375644216 0.994319344266
11680.0 -3.00284624127 2.30696345447 -0.0767499510153 0.0356446474721 0.0627528867813 0.102383560352 0.992123551216
11700.0 -3.03664771514 2.23997988744 -0.0418808954378 0.03055481304 0.0737730680002 0.100710704038 0.991706252844
11720.0 -3.08395510672 2.15023377594 0.00992678466831 0.0263623739497 0.0728840089928 0.0924181532353 0.99269926535
11740.0 -3.13849463506 2.05130060321 0.0703907808323 0.0228614754662 0.0716445455159 0.0854246636445 0.993502410102
11760.0 -3.19988842839 1.94870217288 0.138582116254 0.019282826547 0.0738304218509 0.0775813876204 0.994061552272
11780.0 -3.26423065872 1.84407884883 0.212364780191 0.0165439740469 0.0751518231755 0.0719725213142 0.994433736642
11800.0 -3.32526415052 1.73127100007 0.292034345877 0.0144179494782 0.0750914038027 0.0697840530632 0.994627362255
11820.0 -3.38172541386 1.6138479998 0.372689935837 0.0148138833469 0.0760220477484 0.0709229043819 0.994470280476
11840.0 -3.43684866683 1.49198406717 0.453138675174 0.0175620958372 0.0787812341401 0.074796183823 0.993926868951
11860.0 -3.48679178385 1.36606806504 0.531215281862 0.0229596468965 0.0825030133405 0.0824629045771 0.992907839013
11880.0 -3.52695590827 1.24620936356 0.59983727807 0.0299619677943 0.0871343413112 0.0938115552766 0.991316941824
11900.0 -3.55823570208 1.20133771263 0.619970608198 0.0396222055029 0.0983369060545 0.116566292154 0.987508092763
11920.0 -3.57753687018 1.19840210049 0.615113792257 0.0469206043809 0.111782911277 0.152759706387 0.980799423805
11940.0 -3.6047243942 1.19250198974 0.62560751618 0.0401587306242 0.111958538086 0.178191907057 0.976780531319
11960.0 -3.64997497344 1.168381705 0.639530425799 0.0293827744928 0.112108754566 0.183518188434 0.97616051663
11980.0 -3.70629380099 1.12471474248 0.65081239731 0.0222480610491 0.11349041557 0.176117503336 0.977551826949
12000.0 -3.76124866832 1.06150259877 0.656059942761 0.0231285614469 0.110309684798 0.165336763332 0.979775789544
12020.0 -3.80495903134 0.988944636687 0.655600016755 0.0294153315948 0.10024024395 0.156622053304 0.982118202753
12040.0 -3.80692771824 0.930992464303 0.636449427732 0.0339429891289 0.0864609819761 0.157434912982 0.983151371997
12060.0 -3.77992057757 0.896632217624 0.599377106136 0.0362791025259 0.0773266839572 0.162290671268 0.983039240665
12080.0 -3.73667771016 0.877880007639 0.547810210767 0.0367656529895 0.0822545352998 0.166410190357 0.981931834054
12100.0 -3.68432348535 0.869674182626 0.488584472591 0.0354854315559 0.0927042136345 0.170944676308 0.980267632111
12120.0 -3.62421251103 0.870278060237 0.424200818908 0.0338945017192 0.099709920467 0.178376195217 0.978310292031
12140.0 -3.57558046757 0.890234774213 0.351915999409 0.0347621938493 0.106159130955 0.187059025576 0.975976818241
12160.0 -3.53556318485 0.927356609474 0.26909458037 0.0409155949435 0.117982846953 0.203237035516 0.971133703107
12180.0 -3.52577815056 0.968603311933 0.194936751513 0.0455815047425 0.123667518568 0.215829507607 0.967494855244
12200.0 -3.56309761779 0.995272776931 0.159463143964 0.0375796750068 0.114756776778 0.19924184272 0.972482050384
12220.0 -3.63376753647 1.00305949542 0.146204686514 0.0217471454906 0.102106950381 0.159037786705 0.981737345091
12240.0 -3.71623854554 1.00123591952 0.139864419458 0.007888529159 0.0832604638009 0.110514727141 0.990349413773
12260.0 -3.77905741994 0.982456881889 0.136184867125 0.0032283297083 0.0632200032469 0.0725209633428 0.995355975997
12280.0 -3.81675642295 0.941399571222 0.136903458216 0.00691893208946 0.0496916298521 0.0519326896297 0.997389525737
12300.0 -3.82880140735 0.905394631088 0.135094710311 0.0083628631244 0.0360935783063 0.0442244382688 0.998334370432
12320.0 -3.81328475285 0.898409539584 0.115463938547 0.0102229651008 0.0332126052694 0.050855731618 0.998101251576
12340.0 -3.78603389091 0.937853931304 0.0612592679035 0.0227284322889 0.0651903589478 0.0832531062925 0.994134073331
12360.0 -3.74461428588 1.02289281932 -0.0113301131125 0.034466176618 0.111447685924 0.140621043239 0.983166933013
12380.0 -3.69174669749 1.12570746298 -0.0747391595853 0.0358753599755 0.135428470794 0.205340518865 0.968611046374
12400.0 -3.63889048804 1.22568116607 -0.124950897878 0.0293088216593 0.134428955004 0.254566658041 0.957217668894
12420.0 -3.61162216254 1.32486769518 -0.191615578157 0.0311272379024 0.150481341588 0.285410996514 0.946005826601
12440.0 -3.59527159983 1.41626496264 -0.271213543282 0.0437756215202 0.179210542802 0.307499086421 0.933494289302
12460.0 -3.57806766989 1.5100868068 -0.345379849474 0.0563818093171 0.192238738982 0.326820702713 0.923609001196
12480.0 -3.54722863579 1.60079782241 -0.404453884246 0.0610746546613 0.18866089132 0.344257410103 0.917694824129
12500.0 -3.51269171378 1.68734602389 -0.459723197479 0.0588687326814 0.189129591106 0.354194076398 0.913953514313
12520.0 -3.47845671625 1.76861446774 -0.518064809799 0.0547040650608 0.198002442039 0.355609292799 0.911780965522
12540.0 -3.44305753734 1.84554244808 -0.577838074273 0.0528803854764 0.203616044048 0.353887072084 0.911322177745
12560.0 -3.40304629287 1.92230747227 -0.638075549425 0.0548617845703 0.200416980778 0.352703216605 0.912372544198
12580.0 -3.36232029903 2.01011696676 -0.682080619896 0.0610078807097 0.195547443735 0.348698025693 0.914575815675
12600.0 -3.32312122129 2.10709827866 -0.712089991061 0.0663501096634 0.196500245969 0.339819039115 0.91733763519
12620.0 -3.27081027348 2.20287369433 -0.698718741834 0.0702690979205 0.20520390931 0.323240808368 0.92112376437
12640.0 -3.20404686165 2.26346929205 -0.624477285402 0.0652652109282 0.205902334038 0.288987055932 0.932647394563
12660.0 -3.12505023695 2.27220706785 -0.502459260136 0.0552454207482 0.185774057036 0.240750123293 0.951039074567
12680.0 -3.0308103782 2.21283996771 -0.376874460293 0.0447492516844 0.159221640677 0.197812554702 0.966186403763
12700.0 -2.90571274184 2.11534189352 -0.268105551478 0.040226444145 0.140119988276 0.182148007405 0.972404404286
12720.0 -2.74834556294 2.00754577704 -0.174939153414 0.0354666671524 0.131400277174 0.185516547799 0.973169919989
12740.0 -2.56276145771 1.90297963528 -0.106554505277 0.0327561273632 0.135567343056 0.203848809441 0.969017128077
12760.0 -2.35925514171 1.79009284269 -0.0599076320478 0.0350251450485 0.152323978802 0.230378163933 0.960466837678
12780.0 -2.14572888229 1.65583804021 -0.0023657149843 0.0358860579142 0.165168320901 0.261021968027 0.950420511577
12800.0 -1.92436097625 1.50000853707 0.0673053012375 0.0355058955055 0.173051465651 0.287816347265 0.941251439238
12820.0 -1.69599111879 1.32900675387 0.131979577842 0.0379634950289 0.184042484183 0.3081336907 0.932598930793
12840.0 -1.45758676372 1.15064655983 0.170468964906 0.049612024313 0.199511406461 0.326284686071 0.922644107645
12860.0 -1.21687136706 0.978371942282 0.184371518331 0.0714622214496 0.214804049648 0.346702226898 0.910247184574
12880.0 -0.977121792886 0.824312119482 0.172439964785 0.0967220696622 0.229302143818 0.374263306407 0.893304173033
12900.0 -0.746118860181 0.699061673473 0.138566309953 0.117604508287 0.245656462872 0.405148410484 0.872740996724
12920.0 -0.526838400014 0.603317693794 0.0942545412575 0.126781921806 0.266760579544 0.440407337358 0.84782457779
12940.0 -0.315060903364 0.527833349918 0.0473958055769 0.125819489421 0.285688933532 0.478153912401 0.820926382445
12960.0 -0.111130821344 0.46198642731 0.0038052476902 0.119330637138 0.298784926959 0.514555151636 0.794808632557
12980.0 0.0827499334814 0.386113787118 -0.0317113065829 0.112227629527 0.303744309003 0.540633983402 0.776440113537
13000.0 0.264364647037 0.280710524087 -0.0570286232099 0.107409689995 0.307850167599 0.548954338621 0.769636646031
13020.0 0.44414616709 0.14639387789 -0.077522971952 0.110303187877 0.31163593381 0.541318320594 0.773104603073
13040.0 0.622944818357 -0.00332507873583 -0.0823104444729 0.118293555054 0.31370614292 0.521036439501 0.784930646261
13060.0 0.801860180982 -0.157595261885 -0.0554916463358 0.118172015001 0.310647784241 0.495780568875 0.802330952004
13080.0 0.971615031275 -0.315756956939 -0.00849355091259 0.107925934406 0.295844284283 0.471968306525 0.823452530372
13100.0 1.11454410914 -0.483564863249 0.06513005653 0.0922743174663 0.263898946992 0.437028028945 0.854897244135
13120.0 1.26254555135 -0.668826658495 0.142660171814 0.0778754080183 0.238084898532 0.395044335234 0.883850086336
13140.0 1.4221887535 -0.860302408974 0.224507694829 0.0646304907437 0.222275948797 0.354850047169 0.905813306524
13160.0 1.57944240452 -1.03966332681 0.306950698695 0.0550538664719 0.208212218028 0.328527130688 0.919612238094
13180.0 1.73108470771 -1.20661673827 0.383268675965 0.0511537371254 0.196875248262 0.314512138333 0.927203077347
13200.0 1.86644670554 -1.38046191578 0.402832373872 0.0585654862488 0.189096495313 0.306289085264 0.931128130565
13220.0 1.98509725498 -1.54361836753 0.375273138108 0.0945287698077 0.185034164426 0.293300891592 0.933167325117
13240.0 2.08961091145 -1.68089273222 0.374225523548 0.123881629659 0.178001211353 0.274520465488 0.936807037024
13260.0 2.18697627558 -1.81358195428 0.428745019665 0.110506716872 0.163857609905 0.256527024753 0.946114599176
13280.0 2.2682321472 -1.94531598081 0.507048188979 0.0778367250466 0.152354299937 0.236523792686 0.956444513298
13300.0 2.33674517451 -2.0860185071 0.586571463436 0.0487990402249 0.143652624137 0.212750846641 0.965256263645
13320.0 2.38913095144 -2.25143829087 0.638927741831 0.0359730228247 0.13042540196 0.1846322906 0.973450601428
13340.0 2.42449908131 -2.41865092791 0.672522427741 0.0447612160337 0.110044293325 0.149104518838 0.981659069895
13360.0 2.44271047688 -2.56810837592 0.69378599612 0.0545183875641 0.0842808448612 0.114381463965 0.988352854657
13380.0 2.45239542533 -2.69537393985 0.710287794919 0.0569813912187 0.0610107691661 0.0813967492762 0.993179428053
13400.0 2.43938011225 -2.77405574957 0.730271205136 0.0446489584752 0.0384737730355 0.0363232232003 0.997600552702
13420.0 2.43626972932 -2.83669813642 0.788199360315 0.0128095751477 0.00499653294682 -0.0112647581624 0.999842014854
13440.0 2.43178184694 -2.915975649 0.847248341006 -0.0210134778083 -0.023222406906 -0.0645605156895 0.997422224227
13460.0 2.42657278441 -3.01515202368 0.89119476265 -0.0304850595397 -0.0344442776083 -0.10694008276 0.993200922062
13480.0 2.45149325752 -3.10691131574 0.914825507853 -0.0234251544192 -0.0406399763746 -0.123295590898 0.991260738517
13500.0 2.48439804255 -3.18542404251 0.926770398826 -0.014881698588 -0.0491004607111 -0.128956319887 0.990322143227
13520.0 2.5058501469 -3.25561000457 0.941396473943 -0.0120485827218 -0.062222968581 -0.139076193791 0.98825145897
13540.0 2.54275964326 -3.31150515622 0.967852645995 -0.0147826066667 -0.0677624973176 -0.141869097247 0.987452721777
13560.0 2.59296440824 -3.35994087179 0.999631811833 -0.024623738553 -0.0647540435821 -0.136588413899 0.988202504818
13580.0 2.63018553682 -3.41527792885 1.03356854679 -0.0320870008418 -0.0590341923305 -0.136900863649 0.988303365392
13600.0 2.63680971624 -3.48661681276 1.07173570535 -0.0342975192404 -0.0596846774523 -0.146005575195 0.986885906001
13620.0 2.63346074844 -3.56120911688 1.12018757431 -0.0366821239467 -0.0673321441321 -0.159223805257 0.984260424882
13640.0 2.62846097055 -3.63364869377 1.1734533022 -0.0446095520088 -0.0826528000233 -0.178086974761 0.979522093645
13660.0 2.63760654537 -3.70594605153 1.22123883564 -0.0497824897568 -0.0923046436518 -0.191528372953 0.975868043758
13680.0 2.67128765868 -3.77826166872 1.2566538067 -0.0472887166572 -0.090785308736 -0.19079466067 0.976278240285
13700.0 2.71140546573 -3.83330394702 1.26998961733 -0.0353090637187 -0.0800136896019 -0.180047122859 0.979762273741
13720.0 2.75037801593 -3.8691887468 1.27643921396 -0.0213748911353 -0.0672211725636 -0.161137682288 0.984407982157
13740.0 2.77234248744 -3.88548451101 1.29165214355 -0.0158484418137 -0.0575193178257 -0.141743294841 0.988103837325
13760.0 2.76837485722 -3.89415942144 1.31435626991 -0.0189097145081 -0.0556685708957 -0.13164940872 0.989551345861
13780.0 2.72909369277 -3.91446335919 1.3435540831 -0.0254256758354 -0.0623348555064 -0.142750203759 0.987466596966
13800.0 2.65702386026 -3.94538317994 1.39199078516 -0.0355345984231 -0.0773333490497 -0.177759649349 0.980386838194
13820.0 2.59874762123 -3.97351767793 1.44185907215 -0.0473718605293 -0.0898450931057 -0.212357856589 0.971899123788
13840.0 2.57367371886 -3.99412494002 1.48205652775 -0.057012490756 -0.104203168523 -0.231500132997 0.96555629768
13860.0 2.57576181247 -4.00725290015 1.50477119915 -0.0554933041108 -0.114866387627 -0.238996802756 0.96260414214
13880.0 2.60000803156 -4.01510020698 1.51662848293 -0.0465550378964 -0.116485773738 -0.237537144842 0.963244412277
13900.0 2.63638739194 -4.01608690591 1.52544551853 -0.0346470022611 -0.105677293493 -0.22267687369 0.968528215799
13920.0 2.66410321726 -4.01228393505 1.54593731103 -0.0320254003149 -0.0987970732344 -0.202494140135 0.973760563622
13940.0 2.66726167749 -4.01371324065 1.58125988521 -0.0382833306964 -0.0953705546115 -0.194422489585 0.975519727862
13960.0 2.64941624751 -4.02775115111 1.62537636007 -0.0471413638646 -0.0915722042789 -0.202791714594 0.973790400296
13980.0 2.624081129 -4.0554598918 1.66982572823 -0.0548810982132 -0.0895841123761 -0.21564659206 0.970803429743
14000.0 2.5987836106 -4.09405892587 1.71293834624 -0.060248280432 -0.0944696874464 -0.223446589618 0.968254741505
14020.0 2.58205538165 -4.13537665993 1.75820996941 -0.0629933400378 -0.102038738512 -0.225456569526 0.966845008371
14040.0 2.58623123681 -4.17410769073 1.79307756377 -0.0576449853237 -0.104335877501 -0.223438397327 0.967401862172
14060.0 2.59795574454 -4.2083193433 1.81822784751 -0.0469317792219 -0.101232227256 -0.218806959444 0.969367298171
14080.0 2.60078253059 -4.23256120428 1.84316266723 -0.040437479486 -0.0976546954293 -0.214310527717 0.971030055365
14100.0 2.59360234689 -4.22867772262 1.87694317407 -0.0415814949256 -0.103910781019 -0.220513069811 0.968941440393
14120.0 2.57607294917 -4.21163580698 1.91390833308 -0.0425118111991 -0.111730485113 -0.238684016251 0.963711048495
14140.0 2.56526320675 -4.19334256695 1.95612616511 -0.039938241257 -0.112290624551 -0.253324114332 0.960011794522
14160.0 2.57007744288 -4.17453231689 2.00570398099 -0.0403871720746 -0.114338363665 -0.254739726051 0.959376509457
14180.0 2.58509941398 -4.1591173539 2.06374569392 -0.0438234935924 -0.117800831351 -0.246909132632 0.960852926189
14200.0 2.58765962044 -4.15967092506 2.11960308321 -0.0458948250913 -0.116727729509 -0.237244458847 0.963318934175
14220.0 2.56927062843 -4.16895143462 2.16446997362 -0.0456635784967 -0.112269973059 -0.234153805924 0.96461509729
14240.0 2.5505362699 -4.16678617934 2.2001980207 -0.0478351925917 -0.112949897122 -0.236344305205 0.963895992567
14260.0 2.53675508632 -4.1524585887 2.22376126762 -0.0525560639403 -0.121528592534 -0.243218187904 0.960892072198
14280.0 2.52051488614 -4.14271866838 2.23745212128 -0.053482321281 -0.127246549582 -0.253488279041 0.957440154432
