0.0 0.609992670606 0.891424140376 -0.953975947447 0.0389195246065 0.147177725197 0.262822800778 0.952758187161
20.0 0.684903458437 0.703940451641 -0.881317376347 0.0422974786439 0.152738533523 0.26233434411 0.951873182508
40.0 0.747533606937 0.532253487129 -0.817810973875 0.0471227835056 0.15645760154 0.263584453928 0.950696427806
60.0 0.821004892697 0.351572426826 -0.742989830601 0.0489579070825 0.151328937622 0.26451158513 0.951176270364
80.0 0.922954040959 0.154128633406 -0.656740407923 0.0464078716974 0.142812444433 0.262894521548 0.953067356329
100.0 1.04583402889 -0.0565639242122 -0.565428317591 0.0405217115087 0.138667390408 0.257017221758 0.955547745251
120.0 1.18057597524 -0.263619575144 -0.474170713355 0.035037459887 0.137019715351 0.252702423612 0.957151742991
140.0 1.31590163237 -0.434810498511 -0.412194195121 0.0334442680029 0.141728158404 0.257563401275 0.955225473057
160.0 1.45417604922 -0.578380768656 -0.372185780822 0.0385189724056 0.145918660928 0.268611822395 0.951352575036
180.0 1.57612529105 -0.709569892631 -0.343736505474 0.0485728022466 0.154636953931 0.28132610436 0.945824359153
200.0 1.65118647139 -0.818047074157 -0.32488800967 0.0600642877099 0.175524486145 0.295707232431 0.937091601069
220.0 1.67270919335 -0.903963450198 -0.299386661446 0.0675407172078 0.193694408263 0.311804713476 0.927738405145
240.0 1.65512543309 -0.97729631475 -0.241988584672 0.0593308343005 0.190243568897 0.31664627554 0.927373912066
260.0 1.60549260417 -1.0444960365 -0.17879962148 0.0434246554323 0.178615379492 0.310511674495 0.932627120296
280.0 1.57765895781 -1.11774612115 -0.127284196716 0.0299718154976 0.158260946724 0.296164570247 0.941457227041
300.0 1.5913261107 -1.2139079047 -0.0863741120642 0.0278347286932 0.144989217635 0.284822914899 0.947142682914
320.0 1.61592623943 -1.33335000496 -0.0582141953881 0.0354876297171 0.14809982349 0.275557164965 0.949144519689
340.0 1.62968986306 -1.44931662594 -0.0365296507016 0.0469191579439 0.165376082371 0.275319617757 0.945858579321
360.0 1.62718134485 -1.5409297373 -0.00877322589791 0.0545834829094 0.179126789167 0.287218201441 0.939382744975
380.0 1.601521722 -1.6234699498 0.0339734835004 0.0555604113724 0.186019351415 0.299772155025 0.934048444492
400.0 1.5676769125 -1.70652534982 0.0857382185006 0.0529993775838 0.18592056053 0.307888036739 0.931573705072
420.0 1.53173567205 -1.79339944981 0.137323969644 0.0504174559466 0.184121851579 0.31231696203 0.930599451502
440.0 1.51060877249 -1.89526254926 0.194457698464 0.0475458852305 0.177467658124 0.312372559949 0.932023606412
460.0 1.50734040392 -2.02551018051 0.264525792325 0.0432805974684 0.166777439731 0.304530485794 0.936788801546
480.0 1.52304123481 -2.17257892904 0.332033570167 0.0414825688336 0.160344047006 0.294729614553 0.941118184597
500.0 1.56180664827 -2.3213819808 0.39726316564 0.0425897961806 0.158633821415 0.292096676168 0.942178832142
520.0 1.61257558224 -2.47024960554 0.460641730858 0.0448641187033 0.158784727077 0.293667408626 0.941559384432
540.0 1.64872050346 -2.60592952649 0.519586166599 0.048194453064 0.162331900344 0.29282314827 0.941052736387
560.0 1.66912695516 -2.72480284483 0.573631507 0.0503725480222 0.166178411035 0.293470887615 0.94006498724
580.0 1.68307731261 -2.83761923305 0.629385730195 0.0504499469566 0.164523516943 0.292421987469 0.940678582976
600.0 1.69548915462 -2.94892460336 0.685120323927 0.0482212041383 0.160682055311 0.291533206846 0.941734772576
620.0 1.72179221614 -3.16888439701 0.779596524354 0.0447625587906 0.155810131039 0.288936136111 0.943522880298
640.0 1.71006224066 -3.05879197646 0.736397187554 0.0453828739335 0.157501030854 0.291045716909 0.942563637482
660.0 1.71935988011 -3.37241368023 0.845322407663 0.0469726195587 0.153649979901 0.28262031389 0.945680186355
680.0 1.71925014241 -3.27023406784 0.815730411189 0.0462319514734 0.155406914004 0.286360920907 0.944303299115
700.0 1.75552580606 -3.50118280047 0.8854322468 0.0463810446123 0.145449281888 0.278582362655 0.948201018939
720.0 1.81540917297 -3.65432967631 0.935416345195 0.0446439962246 0.138745922988 0.271503237166 0.951337203448
740.0 1.88342131258 -3.81670277763 0.987550172483 0.0402711671559 0.141182129683 0.264247916775 0.953215021826
760.0 1.94027974163 -3.96869490856 1.04012119068 0.0367394284771 0.146502827179 0.25885773532 0.954033442228
780.0 1.98433837493 -4.10556818431 1.09461018339 0.0351445799167 0.143249721999 0.252739946031 0.956225337109
800.0 2.02369208203 -4.2426098743 1.15020220342 0.0333375353969 0.127321749791 0.237772925849 0.962362622143
820.0 2.04851113962 -4.37704460259 1.19963978682 0.0326672917641 0.107222888979 0.208916583965 0.971488528533
840.0 2.06541871366 -4.50792710046 1.24347500747 0.0337902921343 0.0927192040714 0.174868917147 0.979633720923
860.0 2.07937193316 -4.63385421435 1.29430801164 0.0284953930654 0.0724040197323 0.137706960669 0.987412002907
880.0 2.07223803324 -4.74386055126 1.34476095909 0.0195504429161 0.0507890799861 0.099424101507 0.993555784833
900.0 2.06393910248 -4.84537204593 1.39408467131 0.00973532585055 0.0293692745377 0.0625781017628 0.997560349214
920.0 2.05480602344 -4.9481075263 1.43603581784 0.00536874829738 0.019163028598 0.0354126881639 0.999174607561
940.0 2.0302203833 -5.03602619471 1.47262781074 0.00504415948041 0.0132755199868 0.0135749053712 0.99980700086
960.0 1.99330134339 -5.09285113699 1.49906976639 0.00385718785681 0.00854043761401 -0.00205311298171 0.999953982818
980.0 1.94782797297 -5.12436988661 1.5201564492 0.00109762661935 0.00390894422553 -0.0123311559209 0.999915725431
1000.0 1.88233284221 -5.16787903682 1.55189712318 -0.00138634435442 0.00107990174778 -0.0224040733659 0.999747452789
1020.0 1.78887745701 -5.21250900552 1.59003875203 -0.00249826693844 -2.86730383797e-05 -0.0346258102636 0.999397223882
1040.0 1.67284817908 -5.27846901283 1.65534594747 -0.00812014531282 -0.00585982722177 -0.0469994360247 0.998844722006
1060.0 1.56932400719 -5.37415888441 1.74563798078 -0.0136740314143 -0.0120268125419 -0.0498959644883 0.998588388363
1080.0 1.49350795007 -5.48415823918 1.8379150495 -0.0144013472285 -0.0115322098238 -0.0411328845006 0.998983330765
1100.0 1.43134607116 -5.58544660382 1.91292565882 -0.00859150252235 -0.0039893062656 -0.0244443432209 0.999656313742
1120.0 1.359937257 -5.67563775784 1.97306826587 0.000599634388999 0.00506571680112 -0.0127606855927 0.999905567469
1140.0 1.27490599986 -5.76215447318 2.03537051228 0.00322294376414 0.00229811664483 -0.0114424308783 0.999926698348
1160.0 1.1860048547 -5.86177204052 2.10920860628 -0.0022997948994 -0.0186792102671 -0.0218407480394 0.999584303484
1180.0 1.09075701809 -5.99066771698 2.19754712078 -0.0104934484161 -0.0421757820926 -0.0483858225264 0.997882710104
1200.0 1.00853833271 -6.13316311675 2.2859128556 -0.0148751963771 -0.0444581806518 -0.0709867162402 0.996374971998
1220.0 0.93980830317 -6.2605142368 2.36679745363 -0.0190603278613 -0.0411765232613 -0.080913008573 0.995687844095
1240.0 0.857961188399 -6.35838403035 2.42655849094 -0.0180481703995 -0.0420396151506 -0.0897119430442 0.994916429444
1260.0 0.750423227386 -6.42932371284 2.47002192229 -0.0159561908038 -0.0540878161191 -0.110312636992 0.992295838066
1280.0 0.627933940866 -6.48132483346 2.50701659912 -0.0173680307854 -0.0767832319738 -0.135824553808 0.987600312564
1300.0 0.50032625243 -6.53897473752 2.54829503751 -0.0224208910757 -0.099849551515 -0.162163511621 0.981443002015
1320.0 0.37038749598 -6.60422370931 2.59543465363 -0.0289481809095 -0.115130639358 -0.191060179936 0.974373104281
1340.0 0.247488870152 -6.6762490272 2.65059250698 -0.0386018340446 -0.126659654598 -0.217253685147 0.967092584293
1360.0 0.143039852115 -6.74604700179 2.70204771298 -0.0475719312874 -0.135629178443 -0.234101099479 0.96152915324
1380.0 0.0540384776066 -6.81547050019 2.7427297298 -0.050507945958 -0.14033080791 -0.244616082906 0.958080990173
1400.0 -0.0291368048914 -6.88889352691 2.77983060395 -0.0500465192635 -0.14357752555 -0.251388638853 0.955868501585
1420.0 -0.117389039236 -6.9670838044 2.8192994518 -0.0505283780793 -0.145481889297 -0.256904175283 0.95408707549
1440.0 -0.210644406348 -7.05174852147 2.86427299019 -0.0530405853862 -0.148219798053 -0.262155008103 0.952098912663
1460.0 -0.307779086601 -7.14290951942 2.91129211239 -0.0552129106597 -0.151717470824 -0.26569114218 0.950442823378
1480.0 -0.404638768895 -7.23138306667 2.95431931548 -0.0547800499318 -0.155095689801 -0.267558987933 0.949398051984
1500.0 -0.505541696998 -7.32339942215 2.99807234404 -0.0532699850014 -0.156037484352 -0.26847807491 0.949070142544
1520.0 -0.612985790486 -7.40319598729 3.03505631324 -0.0524482429097 -0.155457524284 -0.270610272228 0.94860540823
1540.0 -0.724009720438 -7.46794264617 3.06051975457 -0.0533888690745 -0.159054972592 -0.277525287093 0.9459549986
1560.0 -0.833900837717 -7.50981465356 3.06830765302 -0.0520762890708 -0.164797398735 -0.288406560354 0.941781043254
1580.0 -0.937265719156 -7.53205531656 3.06119688355 -0.0513419636591 -0.173709425451 -0.300190441082 0.936522683847
1600.0 -1.03404602212 -7.53412721347 3.04236590976 -0.0529910221875 -0.188360756565 -0.317286867373 0.927923068334
1620.0 -1.13580939866 -7.53280963516 3.02420963863 -0.0588888600064 -0.203552718671 -0.340918249002 0.915900180361
1640.0 -1.26217852566 -7.53336641451 3.01372116091 -0.0649488129281 -0.214495068561 -0.369339098705 0.901865925418
1660.0 -1.40260858984 -7.52412474611 3.00792293853 -0.0723663367356 -0.223861432524 -0.396000033314 0.887599654096
1680.0 -1.5553459704 -7.51458711151 3.00616428089 -0.0824439618573 -0.233738137507 -0.420445188244 0.872808867915
1700.0 -1.71201655876 -7.50761514206 3.00628388207 -0.0917158255799 -0.244298949668 -0.442971233459 0.857719486112
1720.0 -1.86678983937 -7.50491773762 3.00651702938 -0.0994749242256 -0.256927434933 -0.46225549195 0.842859948503
1740.0 -2.01685893677 -7.50663872157 3.00421055003 -0.102528038437 -0.267473556709 -0.475932874687 0.83152498254
1760.0 -2.16217573013 -7.51799727781 3.00536607388 -0.103070801074 -0.274595099996 -0.485284857446 0.823694450726
1780.0 -2.30266268947 -7.53216354832 3.00751227816 -0.103222754328 -0.278841789546 -0.491414897574 0.818598630486
1800.0 -2.41015590155 -7.54123055365 2.9964911392 -0.101837234966 -0.281743886123 -0.492918882388 0.81687241084
1820.0 -2.46894512513 -7.52477046862 2.96952500187 -0.097514551892 -0.287458038128 -0.496776125445 0.813063509003
1840.0 -2.4687531563 -7.47227189863 2.97135415979 -0.095161562612 -0.299549617925 -0.500942122305 0.806394006365
1860.0 -2.42185590558 -7.38863558001 3.00117728681 -0.0941439678084 -0.308761068914 -0.506187337802 0.799736140672
1880.0 -2.34463566462 -7.30130383946 3.07061639132 -0.0930012860328 -0.309355887417 -0.509670519794 0.7974243895
1900.0 -2.23825822832 -7.19858134623 3.15111080393 -0.0875777991894 -0.30478460098 -0.51450502912 0.796693825196
1920.0 -2.11635706269 -7.10834595528 3.21505518788 -0.0925256809474 -0.294983897587 -0.514146197033 0.800048240175
1940.0 -1.98548364026 -7.02477467137 3.26571912667 -0.109386970948 -0.288056322282 -0.505744029641 0.805779760395
1960.0 -1.86777674304 -6.97915804982 3.2974371697 -0.110347592653 -0.274198815227 -0.494758655464 0.817222302294
1980.0 -1.78557859509 -6.97270485185 3.2971075169 -0.0927231517909 -0.258027734718 -0.480450783934 0.833061311943
2000.0 -1.76249568673 -6.95123619353 3.27093570927 -0.0760383809941 -0.260709589586 -0.472993022447 0.838168405054
2020.0 -1.78167100288 -6.91028612249 3.24249174701 -0.0782646320877 -0.28173257257 -0.471231330027 0.832131262794
2040.0 -1.81976191613 -6.88205682543 3.21465313585 -0.0764109848771 -0.293086150827 -0.477038401744 0.825043170291
2060.0 -1.8571285256 -6.86424034641 3.18326650931 -0.067115128294 -0.291597356917 -0.486170606827 0.821038782306
2080.0 -1.9037265411 -6.85577606309 3.15374851833 -0.0604778185027 -0.286550306676 -0.494905640595 0.818107427005
2100.0 -1.98431735483 -6.85991908633 3.13529325993 -0.065603377271 -0.290479613902 -0.502264995343 0.811817507357
2120.0 -2.09357662978 -6.87839948466 3.1262665034 -0.0736302292791 -0.299216202982 -0.510132541565 0.803002517583
2140.0 -2.2105575768 -6.91256771358 3.13382535622 -0.075979499542 -0.305903512332 -0.514329202665 0.79756857265
2160.0 -2.32540710126 -6.96537624524 3.15457322607 -0.0856854631974 -0.311539208388 -0.508619235451 0.798065032665
2180.0 -2.44725380779 -7.03360571547 3.1588385042 -0.081748327539 -0.309398857612 -0.506258489328 0.800807030337
2200.0 -2.60639922971 -7.07495988819 3.14093494324 -0.0654020554055 -0.308955364589 -0.516997600985 0.795602057825
2220.0 -2.83065996 -7.05725301127 3.10462765865 -0.0667788801384 -0.325033282934 -0.540188062319 0.773363306267
2240.0 -3.07288658032 -6.97798114787 3.06189027838 -0.0842762892612 -0.350755703934 -0.575055721146 0.734287995819
2260.0 -3.29011798741 -6.89105551115 3.02285179386 -0.110588271929 -0.370481257988 -0.604830557056 0.696199589804
2280.0 -3.47631248591 -6.80759563054 2.96827089857 -0.123180447307 -0.381773376383 -0.62931407157 0.665612098606
2300.0 -3.64941110429 -6.72002263824 2.91275867292 -0.12613487609 -0.387364013301 -0.652534027533 0.638935409212
2320.0 -3.81204592769 -6.63094556416 2.86360971787 -0.130687747307 -0.390331367431 -0.669580748445 0.618242474774
2340.0 -3.97568704689 -6.54966050688 2.82770531078 -0.134555553678 -0.39076082131 -0.67696072237 0.609036094064
2360.0 -4.12697600997 -6.46414351727 2.80832779396 -0.135920508569 -0.388613933629 -0.677408074297 0.609608995026
2380.0 -4.24908903601 -6.37255861633 2.79213467331 -0.131637419946 -0.387313788458 -0.675771699841 0.613182051787
2400.0 -4.36596252406 -6.25373612218 2.76282946969 -0.130414245394 -0.38940611178 -0.683486519502 0.603490830391
2420.0 -4.48638444068 -6.12405976965 2.7262646285 -0.133989384088 -0.391340527038 -0.695883214839 0.587065573982
2440.0 -4.60576313013 -6.00945024972 2.70075354038 -0.138668167767 -0.390285338572 -0.703029446691 0.578098686065
2460.0 -4.71315555954 -5.90745777818 2.68407843335 -0.141124996986 -0.390842470702 -0.705140244359 0.574546024358
2480.0 -4.81339928057 -5.81072254486 2.66342686962 -0.137368890559 -0.393695793536 -0.706048633372 0.572388624427
2500.0 -4.90949042187 -5.70816497558 2.63288765043 -0.131933159562 -0.395248498813 -0.709494854007 0.568321491527
2520.0 -4.99155387385 -5.58781884052 2.59600651672 -0.13125801135 -0.397820989086 -0.717957390469 0.555919940791
2540.0 -5.06007799216 -5.45747174368 2.55903024248 -0.136440168651 -0.404849909961 -0.727115360008 0.53738615913
2560.0 -5.12831505462 -5.32093935532 2.52418865083 -0.139284104314 -0.412898475109 -0.736565836189 0.517286725616
2580.0 -5.20001582003 -5.17466806829 2.48792202318 -0.140458727425 -0.420258676558 -0.747231431883 0.495276869916
2600.0 -5.27192991915 -5.0180754608 2.44997637669 -0.141829434831 -0.426294574299 -0.758555611591 0.47196475659
2620.0 -5.34098307169 -4.87778640039 2.42564082044 -0.142276555124 -0.430995368434 -0.76373980433 0.459022750561
2640.0 -5.48336425009 -4.63201399986 2.37747664175 -0.14188796846 -0.43525936157 -0.763912609856 0.454812727477
2660.0 -5.41040953849 -4.75354394466 2.40517740227 -0.14172386554 -0.434210175939 -0.76409814536 0.455554489941
2680.0 -5.55829823198 -4.50790625356 2.34369240764 -0.143498581058 -0.433752027018 -0.764540681945 0.454692073764
2700.0 -5.63346704107 -4.38324119604 2.30845514785 -0.144910523644 -0.430975520912 -0.765990169036 0.454444827732
2720.0 -6.51532322643 -2.64598310579 1.48429566608 -0.144236543821 -0.441577064799 -0.779389942156 0.420424586978
2740.0 -5.77909996001 -4.12247181849 2.22138902581 -0.150103549551 -0.428465500587 -0.769591995948 0.449014920677
2760.0 -5.85268916642 -3.96305932892 2.15481296422 -0.155328386526 -0.429592798413 -0.776947254738 0.433215977598
2780.0 -5.92851383057 -3.78273838495 2.07491555981 -0.159663891646 -0.430273833029 -0.786515408225 0.41323768335
2800.0 -6.00550338312 -3.6136028885 1.99979741692 -0.160385819177 -0.433901829541 -0.791791860484 0.39883736159
2820.0 -6.08215378349 -3.46676245075 1.93221873024 -0.155556264915 -0.437693085786 -0.790668904852 0.398835422199
2840.0 -6.15996197274 -3.35475111725 1.8612916799 -0.148440619195 -0.439431411091 -0.783300951171 0.413890127225
2860.0 -6.2374300726 -3.23676176912 1.78847126465 -0.147031180727 -0.439251425923 -0.776073899688 0.427959482827
2880.0 -6.31738659943 -3.10121421384 1.70033224115 -0.154052387217 -0.438071922179 -0.774815966992 0.428976771265
2900.0 -6.39352768065 -2.94050972221 1.61530039532 -0.15862613486 -0.436859122692 -0.778104779986 0.422545627859
2920.0 -6.45772855005 -2.78819046881 1.54584566869 -0.154001123296 -0.438878640708 -0.779586075991 0.41942191511
2940.0 -5.70515869345 -4.25797624986 2.26765348525 -0.146182281797 -0.428789466114 -0.767138068178 0.454169041867
2960.0 -6.56613175526 -2.49561698388 1.42454431163 -0.140206119543 -0.44191970849 -0.78139432207 0.417698609918
2980.0 -6.61091833507 -2.34137700073 1.37349181791 -0.145758731213 -0.440591474038 -0.785044430116 0.410291101567
3000.0 -6.64432131635 -2.19810855308 1.32801688499 -0.153428894437 -0.439314858819 -0.78823969432 0.402666379862
3020.0 -6.6709996158 -2.07062733002 1.28162785711 -0.158246548391 -0.440746525076 -0.792851828078 0.389982703809
3040.0 -6.71327037416 -1.94769859002 1.23152920414 -0.157334252598 -0.439983901476 -0.797790621407 0.38103834951
3060.0 -6.76026941332 -1.82418391801 1.19439626016 -0.154611336462 -0.439582745613 -0.801941392478 0.373834652523
3080.0 -6.80380192506 -1.69535644962 1.16332633963 -0.15427039875 -0.438702854072 -0.808563049913 0.360508313654
3100.0 -6.83619740642 -1.5545542763 1.13157244713 -0.158443637113 -0.43835186555 -0.81811935157 0.336784771649
3120.0 -6.85148701204 -1.41095420286 1.09717849008 -0.16196645089 -0.441360690742 -0.82830368747 0.304763204436
3140.0 -6.85928557508 -1.27016738473 1.06917555251 -0.161699425704 -0.446906791079 -0.837514319565 0.269624517317
3160.0 -6.87117299391 -1.12974306888 1.03899341714 -0.157556474201 -0.452757839537 -0.844848466472 0.237523398586
3180.0 -6.89513278316 -0.990150852143 1.00007782316 -0.154971988116 -0.455585002216 -0.85016515452 0.21364736997
3200.0 -6.92569224106 -0.843388703105 0.953206337143 -0.157157198698 -0.456883673454 -0.853244902083 0.196295850435
3220.0 -6.95219694817 -0.692380309705 0.910273531583 -0.159646136122 -0.459573048597 -0.855149166636 0.17895705358
3240.0 -6.96302572199 -0.529150689548 0.861955836226 -0.163133547523 -0.46143613006 -0.857864290409 0.156630146489
3260.0 -6.95726866477 -0.359660944749 0.820658384584 -0.159021963471 -0.466141866567 -0.860756899771 0.128535344808
3280.0 -6.93341770306 -0.182885077964 0.795884861922 -0.156261779694 -0.470748514559 -0.863343814093 0.092819992003
3300.0 -6.89879362225 -0.0026640210198 0.783938802693 -0.15390964889 -0.473828465561 -0.865085848659 0.0585224713443
3320.0 -6.86805395248 0.168817340479 0.776651566301 -0.151445094357 -0.476851199605 -0.864724699182 0.0439148204602
3340.0 -6.83890504762 0.333096889221 0.761253622632 -0.151562238229 -0.480259691106 -0.86294061318 0.0413885873851
3360.0 -6.79877787722 0.501242934087 0.734057284465 -0.158041943982 -0.480244748291 -0.861967506496 0.037413145088
3380.0 -6.75554480012 0.659267427443 0.689947648655 -0.161308869262 -0.479922688075 -0.861536796851 0.0375234572018
3400.0 -6.71563326688 0.816422231015 0.620294125705 -0.160656640836 -0.479486190468 -0.861719810443 0.0414898203888
3420.0 -6.66052236226 0.983418098263 0.530745326704 -0.159769379314 -0.478651815773 -0.862233424391 0.0438144559913
3440.0 -6.58082074634 1.16395131592 0.422028498522 -0.162236189237 -0.477996141355 -0.86253412022 0.0351283248691
3460.0 -6.48380139343 1.35551296801 0.286902347673 -0.166339146737 -0.476866485899 -0.862914076638 0.0175766671692
3480.0 -6.38816522873 1.54958310109 0.139291022317 -0.167932956669 -0.47669626029 -0.862865920395 0.00464767804446
3500.0 -6.30403180492 1.74276021035 -0.00189509108563 -0.16409652484 -0.4782236087 -0.862757477971 0.00490355197196
3520.0 -6.21941111985 1.93193310047 -0.141614510306 -0.161329400824 -0.479994271316 -0.862253703105 0.00984253099773
3540.0 -6.10903122414 2.12674659083 -0.276563018549 -0.159100708671 -0.482965908132 -0.861052451785 0.00442395279825
3560.0 -5.99829149414 2.32448840512 -0.399794224904 0.159433760954 0.482643810878 0.861152075086 0.00727538760446
3580.0 -5.89196189282 2.52277211367 -0.50113054358 0.160389292937 0.477805056426 0.863432526356 0.0214912818493
3600.0 -5.79159899059 2.72206096902 -0.561706707076 0.154661876496 0.477946541738 0.863708096478 0.0406833046525
3620.0 -5.69463532758 2.91162848622 -0.578714706537 0.145299061031 0.482973709761 0.861056046749 0.0648618755568
3640.0 -5.59930542751 3.10473521618 -0.576955526549 0.142007862507 0.481886275835 0.859402390992 0.0951152695683
3660.0 -5.51099838559 3.29711531876 -0.577171645169 0.144326665218 0.475972556189 0.858565940636 0.124436590444
3680.0 -5.43650741953 3.48268272774 -0.605070228842 0.148110999716 0.468532899576 0.858579757373 0.146221934084
3700.0 -5.36939528692 3.66746351433 -0.664469113069 0.152320381326 0.462489837177 0.858525009662 0.160737238143
3720.0 -5.30086393557 3.85627706184 -0.738962803608 0.150656415493 0.461702715964 0.858376142759 0.165298651187
3740.0 -5.22886320073 4.04516277543 -0.823182534071 0.151944567556 0.460724524888 0.858281358988 0.167328626871
3760.0 -5.13929472525 4.23270072693 -0.919723115838 0.154144052477 0.461164266481 0.856082128148 0.175187100759
3780.0 -5.02913352521 4.41095776341 -1.02014796187 0.154869833968 0.461650832929 0.851654102303 0.193853380194
3800.0 -4.88852278111 4.55591874209 -1.11812679483 0.154271182281 0.459290311393 0.844357839428 0.22871959071
3820.0 -4.73881035453 4.68553525964 -1.22133449542 0.154739767536 0.452883773959 0.83474163548 0.272320204215
3840.0 -4.58262574258 4.81789581921 -1.32544158483 0.153286295462 0.445880532209 0.823845408522 0.314599118686
3860.0 -4.42169889651 4.9530783053 -1.4147785639 0.147490306504 0.438892053423 0.813048605434 0.352948070021
3880.0 -4.25822518938 5.09286023554 -1.49984640379 0.140091092233 0.434047452219 0.801667275221 0.386402477915
3900.0 -4.08758578562 5.22719969381 -1.57609533738 0.134382296222 0.431782838293 0.789047934756 0.415822480965
3920.0 -3.89932238433 5.32881595719 -1.62911785847 0.130840332856 0.426239821096 0.771176882187 0.454408008942
3940.0 -3.7114543425 5.40518750961 -1.65939470834 0.127006336928 0.416416139022 0.748642754645 0.500001015459
3960.0 -3.52021302415 5.46993241645 -1.67367879118 0.119776419641 0.400681941457 0.724183532597 0.548330012131
3980.0 -3.32426071617 5.52534626114 -1.67813351337 0.10940611577 0.382711513136 0.696648818103 0.596860640167
4000.0 -3.12231382132 5.58420696691 -1.69115786322 0.0999275226575 0.367343381241 0.66850808885 0.638882043585
4020.0 -2.89879298888 5.65573846791 -1.72622358238 0.0968483201318 0.352958302889 0.646773759733 0.669122218306
4040.0 -2.65582015686 5.72753565999 -1.78392120467 0.0987910966535 0.341795576297 0.631081235249 0.68931312026
4060.0 -2.38508533585 5.77841709793 -1.85276360945 0.0981761996088 0.340066646828 0.618371203157 0.701664567049
4080.0 -2.08959429111 5.79284258948 -1.91055486192 0.0946546607329 0.342706278541 0.605691642944 0.711850079383
4100.0 -1.78348978659 5.77951587643 -1.94871447444 0.0908769419558 0.340220893401 0.595632965009 0.721950480371
4120.0 -1.5070041407 5.7611786594 -1.98133606341 0.0903059025829 0.32960937935 0.587218949545 0.733741375621
4140.0 -1.25905728508 5.7374965487 -2.01767298239 0.0924986572069 0.321203600735 0.578075962042 0.744379222842
4160.0 -1.04892325038 5.68242161406 -2.0476283861 0.0926056218922 0.330205716118 0.565401049423 0.750140011697
4180.0 -0.885607594285 5.61429975174 -2.05721345993 0.090426811409 0.346417000714 0.559399697872 0.747589614305
4200.0 -0.741622620981 5.54880915923 -2.04688125276 0.0908807541186 0.346888517842 0.563704985654 0.744073742225
4220.0 -0.583400947541 5.49971970366 -2.02782662132 0.0911280950041 0.326606696273 0.575726749268 0.744017772925
4240.0 -0.40922560018 5.46661425443 -2.02816284468 0.0884067874843 0.307960132664 0.584795062325 0.745224484097
4260.0 -0.242033076953 5.43062807928 -2.06187786269 0.0867058419956 0.315045571031 0.584014529855 0.743071607623
4280.0 -0.0817677813086 5.39512922246 -2.11396979833 0.0908525720312 0.330558010372 0.580575721574 0.738518140233
4300.0 0.0849355311254 5.37107465636 -2.16699373135 0.0996148759159 0.333864704354 0.583742392124 0.733386702443
4320.0 0.25112070142 5.35740934438 -2.21341145126 0.106607851345 0.3302385762 0.592389435209 0.727084593341
4340.0 0.416516158897 5.34843045858 -2.26220363224 0.106011553703 0.330987014212 0.601211556932 0.719551117514
4360.0 0.575539000779 5.30838291435 -2.29063103749 0.100943463566 0.318423091304 0.588947023266 0.735906621708
4380.0 0.717151650685 5.24443815248 -2.30618306447 0.0934921002929 0.298171829203 0.557466649436 0.769144799254
4400.0 0.833609634713 5.17618033988 -2.30829093578 0.0832297309439 0.274161974481 0.511988742244 0.809799698352
4420.0 0.923864698766 5.11860195061 -2.30456177218 0.0699728660691 0.248843564612 0.459750178241 0.849594286688
4440.0 0.967022589469 5.09426907591 -2.31106890497 0.0596829782912 0.222722748634 0.402090009718 0.886090369786
4460.0 0.973313074876 5.13093611346 -2.32767127694 0.0529781567818 0.188836642525 0.347744286401 0.916846742165
4480.0 1.00267576915 5.20686823846 -2.34823421135 0.0464254465079 0.173801159734 0.314199741344 0.932156830867
4500.0 1.05927088376 5.28231687335 -2.34754887192 0.0390849155852 0.169580855554 0.293300749975 0.940047537557
4520.0 1.09785392106 5.36930808922 -2.3301189683 0.031467993402 0.153109710364 0.267762087083 0.950721119311
4540.0 1.12278083192 5.46770256236 -2.30117971897 0.0214661887057 0.130596697807 0.236805031628 0.962500432343
4560.0 1.14425251745 5.56465822574 -2.26665832041 0.0107025899026 0.107439659094 0.20235810066 0.973341344709
4580.0 1.16157345113 5.65929226007 -2.23725603227 0.00290808798147 0.0888000464452 0.162647475804 0.982675884201
4600.0 1.17467502086 5.75571761452 -2.20958124325 -0.00400277039638 0.0677933757885 0.119016047044 0.990567118662
4620.0 1.18795032881 5.85534782925 -2.19555723141 -0.00969648837534 0.0458378575441 0.0746252101393 0.996110409011
4640.0 1.22718983159 5.94386806379 -2.18289715467 -0.0162502496592 0.0264682501106 0.0389700264265 0.998757577274
4660.0 1.30445214881 6.01139331264 -2.17829630046 -0.0209560870623 0.0130830031961 0.0194003435538 0.9995065303
4680.0 1.44330105019 6.08222138699 -2.20921771262 -0.0115996425783 0.0286033349251 0.0353075461698 0.998899732059
4700.0 1.62663571728 6.16702953431 -2.26672366781 0.00280019633375 0.0622453476511 0.0831822003628 0.994584534939
4720.0 1.83429958885 6.27413942544 -2.33937138367 0.0121225343539 0.10474741205 0.153275528588 0.982541417023
4740.0 2.04128568411 6.40309594536 -2.41672375454 0.0162815542489 0.148456782263 0.235792906118 0.960258923528
4760.0 2.23115348937 6.54680267468 -2.50772147376 0.0224907628814 0.190400173361 0.320660204481 0.927587717055
4780.0 2.39569298622 6.69920605191 -2.61935157131 0.0390399209111 0.233194149421 0.401967440549 0.88460078566
4800.0 2.52847907448 6.85580574298 -2.74768858226 0.0617644070668 0.274651520045 0.482185510032 0.82960763887
4820.0 2.63035638296 7.02193684693 -2.86507868006 0.0828798874184 0.315594106715 0.557696088831 0.76322104044
4840.0 2.70146768722 7.18680487729 -2.9753374486 0.0949561059259 0.353560916603 0.63000124717 0.684891556937
4860.0 2.73979991714 7.33740105743 -3.08046252207 0.102789691347 0.390943752451 0.69500862885 0.59460934032
4880.0 2.74710051588 7.47349998418 -3.17778022596 0.115011594443 0.421436900699 0.749659208036 0.497166313903
4900.0 2.73299008967 7.58280589296 -3.25527896672 0.128780252244 0.443262385393 0.793083086409 0.397433418802
4920.0 2.70587376423 7.66628491342 -3.32272616988 0.140683137331 0.461526461516 0.825521051369 0.292773929744
4940.0 2.68152384736 7.72654438497 -3.38056089667 0.144475165331 0.480082689728 0.845958291693 0.181664818667
4960.0 2.60207258379 7.69199864715 -3.37723597522 0.154311705073 0.488802772906 0.856795020987 0.0562320094734
4980.0 2.51305169312 7.58757015149 -3.30835879086 -0.163110747191 -0.47285372184 -0.861714568892 0.0851601059914
5000.0 2.46190108715 7.41917000118 -3.21733476629 -0.159056244294 -0.446628134708 -0.847625475713 0.238234072626
5020.0 2.47993519209 7.20683113843 -3.12003760774 -0.151743051212 -0.414703208316 -0.80955488834 0.386802505403
5040.0 2.56234489893 6.99794152875 -3.04064784965 -0.144549370363 -0.384865073684 -0.753080900359 0.513666732523
5060.0 2.69285741252 6.81393797092 -2.98449206919 -0.135672981427 -0.359079222163 -0.68111033118 0.623493120317
5080.0 2.87709846893 6.64403343649 -2.94072463706 -0.119751231805 -0.325593505161 -0.599584524485 0.72121211157
5100.0 3.09053116295 6.50171840086 -2.90444455678 -0.102966868581 -0.277836697642 -0.515704408699 0.80389897143
5120.0 3.3308362015 6.386751196 -2.87614952579 -0.0895255814301 -0.225540125522 -0.428062100958 0.870562840795
5140.0 3.59847918987 6.30826969573 -2.8608364374 -0.0716409189742 -0.16833839236 -0.337479015653 0.923383819644
5160.0 3.88949535338 6.26136256447 -2.86310249847 -0.0543086580585 -0.11395642478 -0.237215044801 0.963220392969
5180.0 4.58997438349 6.09996846119 -2.68014720804 -0.0396600854299 -0.0748025628115 -0.152813746267 0.984621558352
5200.0 4.88405044872 6.12010254631 -2.71151267543 -0.0225576791999 -0.0269961585845 -0.058448940847 0.997670326232
5220.0 5.1225106495 6.1600140719 -2.73901634581 -0.0120098954313 -7.67483573001e-05 0.00616806930106 0.999908851567
5240.0 5.33350560123 6.20998251684 -2.75974616238 -0.00204293397811 0.017980044085 0.0506645933087 0.998551773029
5260.0 5.52777371444 6.26426120159 -2.77979650724 0.00716933254931 0.0393961291824 0.0815163920742 0.995867272029
5280.0 5.71280772666 6.32692996156 -2.79238750394 0.0136548716735 0.059180593304 0.106477995276 0.992458381182
5300.0 5.8967069269 6.39153098329 -2.7954100702 0.0159914257083 0.0721408044007 0.131002077881 0.988624516303
5320.0 6.07520652368 6.44979759384 -2.79317554336 0.0215209562007 0.0877513374817 0.155813637656 0.983645597527
5340.0 6.25668128437 6.50656257127 -2.80108903326 0.0246387250336 0.0992301093092 0.179670814457 0.97839905819
5360.0 6.42949850793 6.5626448061 -2.81502757994 0.026631488427 0.107697350885 0.201278995233 0.973231118756
5380.0 6.57460134839 6.59397771816 -2.81774779646 0.0266692896194 0.10687136393 0.206670044067 0.972190698088
5400.0 6.6824136148 6.60027738125 -2.80734383795 0.0241446675393 0.096311880183 0.186569174096 0.977411377078
5420.0 6.76298905716 6.58341129218 -2.78797891624 0.0170446894296 0.0778583034484 0.148952957856 0.985626998155
5440.0 6.83039653787 6.54864510198 -2.76743121037 0.00744566563449 0.0572576378762 0.106169320047 0.992670237515
5460.0 6.9039193526 6.48960781755 -2.7413482522 0.00208017133627 0.0422763590257 0.0699668120998 0.996650905563
5480.0 6.97421016398 6.4032277167 -2.69386461668 -0.000601020632268 0.030331871653 0.040566485056 0.998716164196
5500.0 7.03871808931 6.2906786868 -2.63040083492 -0.00220155014173 0.01972406806 0.0227492696543 0.999544188641
5520.0 7.09816989031 6.15416325858 -2.56278179333 -0.00151266995496 0.0122788146632 0.0122954189294 0.999847871035
5540.0 7.15130257805 5.99773604099 -2.49840213363 0.00302288497741 0.00926213833667 0.0042080447413 0.999943682074
5560.0 7.20264179635 5.83495673686 -2.44024430388 0.00895131592141 0.00576969253037 0.00207179706888 0.999941144392
5580.0 7.25068959883 5.66709483816 -2.38638876667 0.0154736718681 0.00350087215683 0.00381768977714 0.999866858446
5600.0 7.2930079953 5.49932545696 -2.34367858253 0.0201998348104 0.00466276589811 0.00731417313907 0.999758334879
5620.0 7.33403614637 5.34345545489 -2.31426104092 0.0228525821319 0.00500693524112 0.0166941326845 0.999586912691
5640.0 7.37481081393 5.19178260775 -2.28952784938 0.0253393020134 0.00880353545843 0.0279318592207 0.999249833013
5660.0 7.41398891729 5.03772532201 -2.26470792003 0.0282701690628 0.0166377400928 0.0395434756541 0.998679276184
5680.0 7.4487930974 4.87352211792 -2.23302720052 0.0320059624419 0.0285550150259 0.0499447942137 0.997830520187
5700.0 7.48110223017 4.71018844836 -2.19259311283 0.0350995365953 0.0368042936504 0.0625583223476 0.996744662792
5720.0 7.50176012623 4.54824826737 -2.1456987877 0.0345728006308 0.0320049095007 0.0702958065455 0.996413020191
5740.0 7.51045835727 4.38011102302 -2.09826785431 0.0354121435004 0.0256476687105 0.0700121551552 0.996587414788
5760.0 7.50159388816 4.20388502199 -2.04839181959 0.0378933553782 0.0245287271385 0.0592001990304 0.997225035585
5780.0 7.46983454371 4.01287734841 -1.98692307534 0.0379811799069 0.0208271465788 0.0409164554054 0.998223173251
5800.0 7.43337559736 3.81738217852 -1.91661753853 0.0358301628217 0.0135246577176 0.0262982144336 0.998920260573
5820.0 7.41155271351 3.6174155074 -1.84571229875 0.0353064692915 0.0115134526675 0.0237745465556 0.99902735927
5840.0 7.40865450017 3.41800882369 -1.77972582507 0.0367665797045 0.0135435777041 0.0326030776 0.998700069816
5860.0 7.41503159989 3.22215511354 -1.71658041869 0.0401909006903 0.0152949468301 0.0467739225986 0.997979436796
5880.0 7.39799492828 3.0419491279 -1.65832925875 0.0382909184767 0.0122707629287 0.0509151726429 0.997893220307
5900.0 7.35237326694 2.87157815334 -1.60732522407 0.0318255925041 0.00651822966134 0.0364531980692 0.998807192953
5920.0 7.29175178802 2.70450987098 -1.56105431265 0.0279119820637 -0.000715236212825 0.014916105679 0.999498834159
5940.0 7.21705314517 2.54062391729 -1.51695368513 0.0252445932381 -0.0132022099867 -0.00885063963163 0.999554940132
5960.0 7.11740562694 2.39550097101 -1.4766912678 0.021197865054 -0.0337461183359 -0.0421185042928 0.998317525445
5980.0 6.99209835556 2.26616497899 -1.43999246871 0.0118595314345 -0.0600714178375 -0.0856178470629 0.994444749867
6000.0 6.83021019879 2.11521954603 -1.38865249516 0.00979219604821 -0.0771372358752 -0.12286095542 0.989373107261
6020.0 6.65079411115 1.95233379912 -1.3288953769 0.0146651468526 -0.0730616548426 -0.144014511222 0.986765802314
6040.0 6.4836168815 1.89708039858 -1.30388321805 0.00604877293082 -0.0898100052932 -0.16820473402 0.98163371109
6060.0 6.31344485415 1.88834926838 -1.2992039088 -0.0125663136383 -0.125903787564 -0.19832160746 0.971935627525
6080.0 6.1246878875 1.87037437612 -1.29625208426 -0.0230403875192 -0.144679215437 -0.225636604408 0.963133006347
6100.0 5.91382385756 1.85051571324 -1.2915422968 -0.0217527382632 -0.144964020253 -0.245959030315 0.958131727173
6120.0 5.68806979641 1.84155221183 -1.2807510443 -0.0218842059712 -0.151605258616 -0.254240967909 0.954933744993
6140.0 5.45587382299 1.85247689072 -1.22817398486 -0.0102122923659 -0.135368991114 -0.264672240262 0.954735330112
6160.0 5.23998649773 1.86433228675 -1.14599614685 -0.0115756114788 -0.119583270754 -0.2600017309 0.958104872393
6180.0 5.04992534442 1.86874343048 -1.04984223625 -0.0167604819058 -0.0987630522234 -0.236301195096 0.966502297441
6200.0 4.8756773576 1.85837087635 -0.953015231363 -0.0134083225627 -0.0739389297338 -0.205798418501 0.975705007929
6220.0 4.7098335391 1.82748034617 -0.84843815637 -0.00842493896909 -0.0536557797483 -0.171555879317 0.983676094034
6240.0 4.5322023261 1.78576536315 -0.742976611877 -0.00512184508871 -0.0450725687195 -0.147638663217 0.988000534097
6260.0 4.33650965501 1.72461271589 -0.646533016773 -0.00246785113109 -0.0479257817636 -0.13252986575 0.990016597759
6280.0 4.12058585065 1.63955342935 -0.566794864501 0.00209629610816 -0.0613159756507 -0.123468245717 0.990450174906
6300.0 3.89045643895 1.53327023548 -0.512228105334 0.00836813902283 -0.0897741002103 -0.118308618874 0.988874944511
6320.0 3.66491140767 1.41504281933 -0.488354785394 0.0169104737594 -0.114858409945 -0.116927278959 0.986331380915
6340.0 3.45080081072 1.28940006729 -0.493186310458 0.0278178683548 -0.129389132892 -0.117873152543 0.984169974343
6360.0 3.24697756992 1.16123057615 -0.513946821899 0.036419155884 -0.131595134222 -0.120611332226 0.983264599318
6380.0 3.05224136977 1.03266476468 -0.526817892188 0.0324893406696 -0.126741933365 -0.126847985425 0.983255060329
6400.0 2.90566267329 0.921196261044 -0.528241911075 0.0179732957969 -0.118029561973 -0.129305998927 0.984391152835
6420.0 2.79797997807 0.8415395397 -0.526245959376 0.000481742354653 -0.0989595308522 -0.121508561518 0.987644900081
6440.0 2.69077656214 0.781658692147 -0.518710263773 -0.0138175780413 -0.0821165083414 -0.115020720902 0.989866752325
6460.0 2.56520456675 0.713397883316 -0.501857155924 -0.0200337925027 -0.0738977830925 -0.114922207827 0.990419431837
6480.0 2.42581806832 0.646883508843 -0.482493991893 -0.0159788033393 -0.0679574401085 -0.116293148263 0.990758481086
6500.0 2.28865205854 0.605925363866 -0.463265773626 -0.0125275925261 -0.0666697422602 -0.115786148699 0.990954980139
6520.0 2.17407345833 0.602427902444 -0.458887928278 -0.0126630878156 -0.0736674992654 -0.111332578438 0.990968113885
6540.0 2.07237817328 0.616588911602 -0.470387915402 -0.00840767430571 -0.0750761095934 -0.105319990508 0.991564717192
6560.0 1.97209974546 0.641159557968 -0.487187752444 -0.0058670141852 -0.0749201570808 -0.0996576168845 0.992179876638
6580.0 1.87570734818 0.674110340728 -0.504423880582 -0.00378875671444 -0.0662397549954 -0.0940499824145 0.99335418708
6600.0 1.77546013176 0.713793702075 -0.517735823493 -0.00486230844376 -0.0572649197903 -0.0873953444614 0.994514525125
6620.0 1.67782165956 0.750392884247 -0.527106229599 -0.00629071330005 -0.0485798615218 -0.0799227492854 0.995596694514
6640.0 1.57983181621 0.786034140764 -0.530131390525 -0.00598066520163 -0.0387315702207 -0.0713674079025 0.996679883514
6660.0 1.4885547041 0.816615075989 -0.524806543302 -0.00512073531621 -0.0285342387848 -0.0608296922773 0.997727078827
6680.0 1.40039560454 0.840439767723 -0.507722491113 -0.00401648093393 -0.0206064896005 -0.048778330858 0.998588961939
6700.0 1.31177535241 0.85867212045 -0.477852131465 -0.00428333471333 -0.0155513287487 -0.0387999310776 0.99911679726
6720.0 1.21817342942 0.870627898856 -0.440019132173 -0.00498548054327 -0.0136772915553 -0.0315252414293 0.999396936073
6740.0 1.12560257512 0.876101480114 -0.397333301007 -0.00510985197046 -0.0114986649709 -0.025964799689 0.999583662979
6760.0 1.03339153868 0.881281433436 -0.355486546745 -0.00391655646824 -0.00886768836498 -0.0199916869422 0.999753148103
6780.0 0.943138642896 0.883235515862 -0.312500377216 -0.00424991715923 -0.00539439974945 -0.0143282863903 0.999873761464
6800.0 0.858569367092 0.880180528154 -0.267523290973 -0.00525083594656 -0.00200107336099 -0.00867385388373 0.999946592917
6820.0 0.779232003113 0.87445688038 -0.228250201528 -0.00339685559937 0.00275609340038 -0.00183820850923 0.999988743092
6840.0 0.71666973362 0.874112096978 -0.198811496189 0.00111032942096 0.0145498141302 0.0131870078832 0.999806567742
6860.0 0.682053464596 0.888726059665 -0.182507631299 0.00702775083157 0.0328173198178 0.0410527988025 0.998593161377
6880.0 0.660919432169 0.909019780055 -0.166943366982 0.0124084891187 0.0475150411863 0.0753839976133 0.995944578359
6900.0 0.633434744197 0.920016013432 -0.148481418014 0.0169438165928 0.0634348886663 0.104865966279 0.992316507519
6920.0 0.602414131554 0.917837549727 -0.124870270745 0.0196615644428 0.0808846833754 0.127397133043 0.988352700898
6940.0 0.56741871566 0.904466311184 -0.0910740121336 0.020490850971 0.089961565304 0.14496369342 0.985125661723
6960.0 0.526352424541 0.876932265395 -0.048055455313 0.0204487426036 0.0914918594433 0.155260500503 0.983415103385
6980.0 0.473384271377 0.838231757499 -0.00697594744669 0.0208277056837 0.0914622858351 0.156746266705 0.983174178272
